1000 2
-48.8385 -49.5636 
-13.133 -46.3408 
-10.8704 -26.108 
9.06705 -28.4646 
27.0373 54.4911 
-19.7732 -1.12827 
-38.012 26.8056 
12.0783 -45.4344 
-31.8317 39.7034 
25.4091 34.0837 
41.0395 55.5486 
-25.8629 -3.05185 
54.7865 42.3487 
51.5571 39.1998 
-0.386364 16.523 
22.7839 15.9691 
10.4099 29.2026 
-37.4648 -5.31785 
-36.6424 23.838 
2.23884 4.02142 
12.0682 -12.1058 
45.5614 -20.9146 
-30.2203 -3.46141 
26.4263 -31.9929 
9.21476 21.0047 
18.5742 -49.6643 
36.5947 -20.4178 
0.718101 -7.47978 
-8.55068 13.9247 
16.382 -19.2193 
-31.2375 38.5687 
-17.5509 -13.2707 
-5.04929 -23.5533 
-4.46181 -44.0278 
4.35041 58.2073 
-49.8221 -4.91836 
-42.3292 -41.8693 
-22.0258 57.2137 
-10.9375 -5.45885 
-28.3135 -28.3203 
-26.7156 -22.6066 
33.3955 47.8307 
49.5932 30.9549 
0.744957 8.47285 
-46.1193 -35.6352 
0.382397 3.23923 
15.667 -22.1467 
-37.3943 27.148 
21.4209 47.4883 
46.3134 -45.2968 
10.8866 6.18 
18.2922 34.8222 
-22.0963 -26.1281 
-24.04 -13.0961 
12.2864 -35.3868 
17.5637 -46.5825 
54.3568 -26.6015 
38.9077 19.2019 
28.6587 30.5655 
10.7154 12.8773 
-31.5229 -13.4385 
45.6487 40.6903 
17.6208 54.8939 
59.05 58.0294 
31.1328 6.07593 
-17.5072 28.9843 
-18.5614 20.3836 
4.16578 -30.7306 
11.511 -7.76849 
35.1949 -7.24479 
21.5955 -36.0213 
-34.0608 -13.0055 
51.0904 21.9916 
21.3337 28.0276 
22.1091 22.7537 
29.31 59.7449 
-3.67626 11.8433 
-8.56075 58.2006 
-48.3886 53.6317 
-0.245369 -23.8957 
10.101 4.40077 
18.8931 27.8564 
14.163 36.8734 
-2.42409 -49.5938 
41.919 28.7594 
58.5397 0.295114 
-11.1859 53.3094 
20.8939 12.122 
26.8392 -25.4164 
-15.9194 48.8177 
-42.0606 55.2934 
17.4059 -40.9931 
43.198 29.9847 
24.2207 51.7618 
4.31349 -18.5546 
24.8955 -15.9395 
-10.9812 33.0934 
57.5192 51.3053 
-23.1001 -4.86129 
50.4929 -3.85083 
-12.757 47.438 
-33.9601 -34.0104 
-14.5396 -33.3021 
18.6816 54.4407 
-20.354 -38.9856 
57.7575 -22.9725 
-26.155 -40.607 
8.05658 46.5618 
49.5563 -20.8173 
17.6342 48.3175 
22.0823 -40.8286 
6.82119 40.5124 
43.2752 31.2168 
17.5604 10.2521 
57.1902 58.1201 
-42.9368 -9.66185 
30.2936 -39.3112 
24.9492 -12.7503 
-37.2634 -8.30226 
-22.2407 5.53545 
-47.7642 59.5804 
-49.8657 -40.9528 
-22.808 9.71496 
-3.48827 -25.7891 
0.546892 -33.9164 
-27.4877 -4.26374 
-49.0332 1.06388 
0.0802637 -29.9887 
-37.0721 -3.72997 
55.3975 -43.4504 
-7.76177 -47.8213 
23.6366 12.7699 
-41.4396 -40.6171 
-30.3211 -27.5918 
-28.4613 -20.7199 
-11.2397 -47.066 
32.0292 -33.0168 
46.1992 -47.7978 
-24.9464 44.3428 
50.2042 29.7262 
36.014 45.7729 
16.8755 -17.1682 
56.7034 14.821 
21.4042 13.0485 
22.7503 -15.8052 
14.5994 -27.0009 
58.9694 -42.873 
-31.2677 9.1644 
44.232 -37.1828 
-8.14783 -29.2502 
52.4433 3.867 
-5.48906 -39.9087 
21.1188 -11.5989 
-21.8983 54.7563 
-35.83 14.7975 
-21.2436 36.7928 
10.4703 1.75878 
-34.0709 19.353 
44.7154 21.5754 
49.7107 56.0555 
-7.81884 -0.624714 
-24.0837 -46.6665 
-26.0408 26.2081 
23.0726 11.1853 
54.1621 58.731 
-29.7369 -47.5057 
15.7106 33.3082 
10.0204 -43.5914 
-13.7037 47.4212 
55.1961 -44.0916 
40.9891 -13.9521 
-6.01947 15.0392 
43.1376 6.00543 
-17.9269 35.9838 
50.1068 45.9004 
26.104 -38.6129 
15.3548 -5.38499 
37.2964 42.2211 
-6.49617 6.10279 
49.5529 26.4296 
19.9136 -46.7168 
20.9107 28.793 
-8.69839 38.8977 
12.4946 -42.7857 
39.042 16.0732 
54.0178 35.8058 
-38.3746 26.4968 
49.8685 -39.9591 
-32.0902 -41.0971 
24.8888 -5.65355 
-22.3212 5.81072 
-36.1254 7.36167 
-48.9123 -18.8232 
-16.1376 -24.7316 
33.5667 -33.0671 
-16.7351 38.4411 
17.7282 -38.8949 
56.9619 11.7392 
-11.1457 -4.63637 
51.3153 -46.2133 
5.51866 44.8363 
-11.7164 45.5211 
21.901 -12.0252 
-47.3983 -46.6967 
-6.62374 39.2837 
-38.858 -2.99478 
51.9196 42.7515 
58.5128 8.20765 
32.8953 28.7426 
57.9354 -40.9763 
-0.195013 -17.7456 
51.4933 6.69027 
58.5363 15.2373 
8.7817 -35.6386 
7.69738 -9.12809 
28.0578 23.3345 
-23.4223 12.6154 
-1.08798 -12.9383 
-42.6917 55.7634 
20.5615 52.2721 
42.8086 44.4133 
4.79354 -42.544 
46.9982 -28.3975 
27.6785 -25.8898 
-11.0315 45.4472 
-30.9824 10.9671 
7.55974 19.0643 
3.69579 -23.4089 
-22.046 -2.837 
43.9265 -19.3738 
36.8499 7.02933 
26.4867 -1.00406 
-22.2407 -33.245 
23.9991 3.38694 
43.047 -21.4283 
-15.7045 -39.6805 
-25.8361 49.996 
56.9921 40.1398 
56.7705 50.6977 
-8.76888 1.18473 
32.1937 -2.15217 
-6.19739 -40.4794 
51.8693 47.7905 
-8.47346 -30.5057 
-13.7104 -43.1886 
17.1306 -34.5576 
55.0114 28.8736 
-17.4502 19.8666 
-30.7071 13.0451 
18.8293 48.3847 
-6.01611 58.5598 
-23.4391 16.7748 
20.1016 -29.8242 
36.061 0.426038 
54.7899 -8.21162 
31.2168 51.4832 
-19.8639 20.951 
-13.8313 -5.95569 
7.44896 42.3051 
18.8327 -17.3125 
8.53664 2.54769 
20.3198 -35.3499 
30.5722 44.8866 
14.388 -19.0381 
-43.9103 -14.3013 
-44.1285 -3.11899 
-45.3203 51.3053 
-17.7154 -13.1129 
17.9498 -2.46101 
-12.4751 -45.3774 
4.28999 -49.9261 
-28.139 -47.0089 
25.0633 -21.8043 
37.1856 4.83047 
-41.2952 -20.0855 
51.6343 -10.6018 
14.3678 -28.8372 
52.6145 55.0316 
31.6129 46.9814 
-17.6818 -26.7559 
-12.2468 -2.61879 
44.7993 -25.3627 
59.3957 45.84 
58.5934 51.8592 
-40.268 53.0979 
-25.9066 49.986 
-31.8116 -25.8092 
39.5859 59.6475 
-36.0918 11.464 
35.1042 23.1129 
-20.2667 -48.637 
18.1478 48.7841 
18.1579 -22.0997 
20.3064 14.2973 
5.90136 30.5152 
38.8607 -46.3912 
48.5726 -0.812708 
-37.5555 28.3599 
-7.94305 24.6236 
4.79019 38.8104 
-7.83227 6.30421 
-34.3428 24.6974 
-0.896634 6.21357 
-17.007 41.308 
-31.6807 -8.93674 
-4.63637 1.06052 
24.3147 50.8386 
28.7796 -24.0568 
-31.0428 -23.5667 
-43.1114 -18.8937 
0.889309 -5.72069 
-31.2912 -35.1082 
57.5259 0.647603 
-47.1465 15.6871 
-23.701 -26.4403 
22.3777 -29.1864 
-23.3518 5.06211 
59.3085 -22.1232 
29.3301 -8.34925 
-47.1197 -16.2215 
34.6074 -44.2494 
-49.3991 31.7841 
35.9166 45.9508 
46.1153 1.92328 
-29.4852 -21.1295 
23.0424 15.0526 
53.7223 50.5029 
-41.2449 25.8657 
-21.727 -40.268 
57.2472 45.1955 
5.42802 -8.01355 
55.0349 -43.1181 
39.2636 35.6917 
39.3039 39.5959 
-19.1556 -10.5481 
-47.7709 58.8049 
-16.2181 2.71889 
-49.3722 19.3262 
57.7004 37.7596 
-5.06272 3.68908 
-48.7445 55.7634 
-43.3799 -13.3378 
-28.7802 -15.154 
48.0758 21.2397 
39.1763 2.85653 
4.03485 36.3933 
-47.5494 -37.3171 
8.63735 -28.0483 
20.7865 32.9691 
37.1084 40.8448 
-14.6706 -48.0026 
56.2065 -25.9435 
11.5412 -42.4165 
-47.5494 8.67092 
12.508 20.7663 
-17.7926 54.1588 
-5.70055 6.09607 
-47.3144 17.4059 
-10.0949 26.4229 
17.9229 31.6565 
-36.7364 -15.1372 
-21.1866 49.7409 
10.0507 -8.14447 
-28.76 -33.0906 
26.6781 -9.91028 
-18.6352 -46.4415 
54.1453 55.1155 
-27.8335 -36.8404 
28.2693 34.4261 
40.264 -34.2622 
32.8684 -7.10379 
-32.9194 -17.8195 
7.45231 17.2985 
3.47087 39.6899 
5.97858 -32.2312 
51.7585 3.70251 
-41.7316 39.0353 
-35.6252 -43.3799 
30.6058 -30.8414 
-6.90573 -21.4316 
-12.9148 -41.2918 
37.9073 0.614032 
-31.6739 38.0618 
29.6558 15.6603 
-10.9711 -44.2662 
-14.5631 -2.60872 
21.0047 -44.481 
-19.1018 32.5462 
53.2054 5.2266 
8.40236 16.8487 
15.3346 44.8698 
-34.7926 -30.0961 
56.606 27.0943 
-39.3146 -10.6354 
-33.8258 7.68395 
-23.3686 19.6921 
-13.1532 48.9016 
59.7583 -4.17646 
48.623 -26.4638 
-29.5993 -12.9484 
3.59172 52.4601 
16.5499 21.4176 
-21.1798 23.4486 
17.1877 -14.0294 
18.7353 54.1856 
-5.90533 53.1684 
3.54808 57.1297 
-23.8957 48.717 
5.37431 -20.8039 
-15.0935 -28.7667 
-21.4887 3.95093 
6.47206 -31.0327 
45.4909 -10.82 
27.1178 3.93414 
55.4479 47.6763 
48.3276 38.76 
6.39149 53.9708 
49.3481 -13.4486 
7.91559 -15.0768 
31.6599 39.1293 
55.9145 -23.0967 
4.35041 -46.1361 
55.8876 27.4133 
44.4569 4.53841 
36.3665 -16.057 
-38.6096 -23.5734 
-0.943632 -32.0734 
19.4302 11.0309 
7.22068 6.50899 
47.3876 10.6314 
-41.0871 10.0507 
39.5322 -21.8479 
-23.4324 -31.919 
16.7748 -17.5307 
-20.4346 -38.3746 
52.2251 34.6141 
31.2973 -25.4366 
-9.84649 -4.90829 
27.3058 -17.994 
-17.5341 17.7013 
-13.9421 -31.6337 
51.6746 0.0936918 
58.9325 23.0122 
24.496 -23.5566 
-19.0582 56.2804 
25.1473 32.5394 
48.8177 53.672 
12.3167 28.5311 
47.9415 -28.9447 
-21.0389 19.7726 
-25.2586 -31.3248 
-41.0367 10.9638 
-33.8762 -23.2276 
29.686 43.9467 
-17.5576 -49.3622 
4.51827 24.4826 
-44.3904 27.9369 
-5.52934 -41.7014 
-41.0535 -33.9567 
-7.14408 1.72185 
10.2387 42.3185 
-7.83227 7.21732 
54.6489 44.9873 
-2.84371 59.1406 
-40.9864 -32.4259 
13.2264 30.0116 
-45.9011 24.637 
34.1643 -17.3461 
36.3329 -28.4176 
-1.68889 -1.55126 
-24.3724 -33.517 
-42.8092 47.0855 
-19.1186 -13.4385 
-14.3013 18.0639 
39.6127 37.3031 
-32.1171 -20.6964 
-36.6189 36.8969 
-2.59529 13.166 
25.5702 -36.122 
-13.2774 25.154 
42.9933 30.7669 
-5.93219 -24.3355 
-22.0124 41.4927 
-27.716 50.1001 
22.5288 5.48173 
8.57356 7.57653 
50.8823 -43.8667 
-20.7569 -26.3396 
32.4119 56.5893 
18.4567 47.3373 
-28.8943 40.4956 
-44.8637 -2.42744 
-26.6652 -49.285 
-2.99142 49.8248 
0.449538 13.6763 
45.8736 -32.3151 
17.7517 -37.8039 
33.184 -39.8483 
-13.5661 44.6852 
-20.0217 -40.3552 
-29.9719 -36.6121 
-29.7806 31.2302 
21.901 -40.3586 
-48.3786 -1.70568 
15.4186 -41.2012 
-6.97623 55.0081 
-36.6927 2.77596 
32.3615 10.8463 
-2.24952 -27.0748 
-35.6957 37.5582 
7.83166 -38.8647 
-18.3532 13.7971 
-24.1374 -48.1301 
39.4516 7.83837 
19.1617 -46.925 
6.09272 -16.4162 
-31.1838 8.67092 
30.1761 -49.7516 
22.0789 20.4776 
47.4749 -38.9956 
-10.1755 22.418 
46.8841 -29.0957 
-4.2201 -45.2699 
19.4906 59.3857 
38.9615 21.1054 
-0.181585 37.6824 
-44.0513 16.4559 
3.27616 46.4745 
54.5918 28.2257 
48.9386 -45.9883 
-4.43159 18.977 
-38.3544 40.1398 
43.5807 33.1236 
22.5489 6.41835 
-45.5083 -34.4368 
-37.8878 7.75445 
-49.7717 -24.8994 
4.68612 -24.2112 
37.7764 40.3916 
28.652 49.375 
33.9897 -38.7338 
1.25523 32.4488 
-37.2701 -46.7336 
-47.8213 34.6443 
-4.1261 58.1368 
4.89761 -5.08957 
44.7591 58.1335 
49.8618 23.4721 
43.6814 -13.0155 
18.6447 32.4522 
41.9156 -44.7496 
13.0619 40.4386 
45.9273 42.9463 
38.2867 -48.637 
48.2302 -32.7885 
24.1435 -27.0513 
-35.4506 47.871 
-6.49281 35.0371 
25.7817 -11.3471 
-38.0322 33.1739 
26.3491 -33.0772 
-22.2272 27.702 
-44.4911 -0.275582 
-3.86425 23.6869 
-26.8264 -11.0718 
-3.04849 2.00385 
56.794 43.3323 
40.0122 46.8908 
30.8878 -39.516 
6.71712 30.2734 
-24.2314 -3.89782 
42.4729 18.1814 
-32.9597 43.8124 
18.6648 -20.4245 
22.3978 13.1123 
18.4265 -37.1358 
-22.667 -41.6678 
55.1927 -19.508 
56.2905 -3.62926 
38.0618 -3.18613 
-9.19523 -3.93139 
-46.8545 29.6692 
-18.7292 -42.967 
-45.1524 -9.11802 
33.7782 -39.3078 
6.2035 46.0884 
-21.294 -48.6068 
-27.6824 19.0777 
2.54769 -9.588 
25.9899 51.124 
39.5691 30.6024 
-40.4593 50.466 
54.8436 -35.4372 
11.9709 32.3313 
5.25681 -15.869 
45.4204 -15.164 
-29.9954 23.9521 
10.0943 40.9757 
7.17704 -22.9725 
-38.3444 32.1265 
7.95251 4.97482 
40.1566 -26.682 
-14.9593 -9.13144 
-5.44877 5.57573 
-33.1544 -12.5489 
-18.0578 25.681 
43.9634 48.5022 
25.483 58.6438 
-40.4358 -23.7648 
-29.8846 -46.8007 
0.25483 12.4979 
-39.8315 5.65966 
48.8949 36.5712 
-22.1601 -7.61071 
-13.9756 57.4151 
6.69362 -23.7312 
-48.5565 3.17881 
19.1684 37.4273 
22.4616 55.7399 
32.234 -16.4364 
20.397 -26.8767 
-19.8303 40.1834 
-8.06055 -32.3688 
-21.4014 56.0186 
-13.1095 42.4158 
-41.1811 -15.9832 
8.81863 24.4053 
16.4693 53.1416 
-29.7336 56.3408 
13.6293 -18.6822 
-20.9818 45.736 
-1.5949 44.8933 
16.993 33.5868 
-18.9709 54.7966 
-1.65532 -19.3503 
-29.3912 44.8598 
38.3471 54.0849 
21.5015 42.5031 
49.5529 22.2602 
-16.5606 -22.8584 
36.8868 50.607 
24.4591 -43.3598 
-11.8372 -33.7822 
-29.3442 -12.9417 
-38.3746 54.1285 
-38.1161 26.1074 
37.0547 12.9679 
27.4334 -4.48195 
-38.002 12.9209 
-19.2865 -17.2488 
29.7531 43.6982 
-12.8846 37.2124 
50.5332 -44.5985 
13.9616 11.4472 
42.5266 10.0809 
56.737 -47.4889 
54.3098 56.7504 
10.6046 -46.1327 
-4.80422 7.75109 
-18.7393 -26.8532 
-34.8531 59.2346 
14.2235 -43.9741 
-19.2965 33.5331 
36.6015 1.61107 
28.5748 26.339 
-19.6188 29.5618 
3.43394 -23.6003 
1.37272 4.32356 
21.4814 10.6012 
-7.24815 -43.2289 
6.29414 -47.7743 
-42.5977 -21.4518 
28.605 -44.7832 
-1.99438 -20.5655 
-33.4867 -7.75506 
58.9962 43.0671 
-32.2983 49.3918 
49.4455 -38.7002 
-49.765 -34.7221 
40.922 -7.4395 
-46.4986 -2.56172 
-40.6204 -5.57634 
15.8315 -46.2737 
5.18632 -34.1783 
-39.5999 -48.3651 
10.2722 29.1623 
-34.044 -16.7251 
-43.4504 27.6247 
-6.08997 28.8333 
-25.3929 -41.9968 
48.3947 -13.6198 
-43.2356 -15.587 
0.842311 -49.2245 
-36.4644 43.0873 
-34.3931 -0.497147 
17.5906 -16.292 
-41.7383 18.2553 
24.2442 37.481 
43.0671 44.0776 
-47.4453 27.279 
31.1966 8.90255 
26.104 -29.7638 
46.3201 21.2329 
-42.534 48.0389 
29.0448 -41.1609 
55.5419 -44.81 
46.8136 -49.7214 
49.6603 0.728172 
30.8106 -31.9962 
-0.325938 13.4715 
36.4571 0.932951 
15.9993 -33.6781 
-20.9784 19.2557 
-31.3047 19.8062 
50.9528 -10.7126 
-20.3339 50.1941 
2.44362 31.2268 
17.0165 -7.43614 
31.8613 -12.4516 
45.642 -35.9743 
37.5146 34.9364 
43.1208 -42.4635 
-22.5831 -42.5037 
14.9553 51.4832 
-41.4664 34.1206 
-21.7774 45.4842 
52.111 57.734 
47.7267 17.6107 
-3.37077 -10.6522 
43.6546 53.4169 
-5.009 -25.3627 
-35.1115 -17.9839 
17.4294 35.8797 
-23.0363 9.63439 
26.7586 27.1078 
48.7338 5.77715 
-32.483 55.2431 
-23.1538 -17.477 
-44.4407 -24.9699 
42.1171 -37.908 
59.6408 30.6091 
-43.2658 13.0955 
1.58757 41.5094 
-23.4761 -29.277 
36.625 -24.1139 
-32.7985 -48.7411 
40.3714 -31.1637 
-31.2174 -33.8728 
44.1044 -11.4377 
27.101 -34.1145 
14.8647 -41.7685 
-23.4022 49.4018 
31.9385 -13.6735 
23.4184 -31.4255 
-23.7312 -26.6921 
-47.2002 -26.0878 
-5.57634 7.3986 
9.94995 41.2107 
-26.4101 47.3003 
-41.6544 -35.2559 
59.238 -25.356 
24.6403 -2.76986 
11.9642 54.0379 
14.0925 11.85 
-14.8787 23.4251 
-24.2515 56.6967 
-30.2673 42.6878 
21.29 56.9518 
48.3444 -36.8068 
36.7156 -4.95193 
24.2644 36.2053 
-29.1562 -25.779 
17.8826 -37.1493 
9.78881 -44.3333 
46.5114 -46.4147 
1.3358 4.69619 
-40.6238 39.8544 
-31.5665 -43.8466 
54.34 -14.1704 
-24.2448 -5.56963 
7.81823 3.04453 
-21.5659 -41.6276 
-35.4003 -4.3376 
7.03269 -33.5841 
-11.0047 -40.7212 
-2.20588 -47.7642 
-36.0482 31.0254 
-47.7206 46.2496 
-10.303 -46.2368 
-44.6287 53.249 
-41.5772 -27.716 
-34.1917 -38.4652 
6.64998 -45.8373 
8.24458 -46.2099 
-28.2632 -36.7666 
20.8905 -14.9324 
-5.78448 -41.5638 
-12.136 38.1658 
-47.6199 -24.2045 
50.2445 21.7298 
-19.1623 6.46535 
14.9217 -18.6251 
-20.5722 48.5122 
45.3197 29.1556 
34.2347 -14.6236 
-27.0043 1.6715 
-12.898 -11.2497 
4.28663 12.1622 
-34.655 -1.32633 
40.922 36.8499 
-1.89032 -31.2778 
58.8083 30.8945 
-18.9709 -20.9415 
-26.071 34.2582 
-14.308 35.168 
9.53032 2.75246 
-24.4966 -24.9397 
-6.46596 34.6342 
24.4725 -37.156 
30.3607 -41.9599 
-9.45372 11.3633 
-13.8481 49.5932 
-40.0061 1.77557 
11.4606 -20.5924 
-25.5608 -37.0821 
-19.5013 -47.0425 
27.0708 -11.8104 
-38.999 44.9806 
49.657 -7.19108 
33.7211 45.7796 
-3.16935 9.27519 
35.6883 -4.71023 
-30.687 13.824 
-33.7419 -14.882 
42.5568 -18.3499 
-19.9982 -46.0521 
-37.6193 43.8292 
45.5177 36.6015 
24.2476 13.5856 
-45.7836 -7.95312 
-2.40394 24.872 
-21.7975 30.7065 
51.9398 10.9738 
1.15787 26.3256 
-3.82061 -13.9924 
-48.5028 -17.2152 
17.7752 -42.9234 
21.6962 -48.919 
3.27952 -0.0607318 
-17.0843 -43.1248 
-33.1678 -14.0159 
39.0219 3.84686 
-11.8339 43.3323 
-1.05106 53.2322 
-13.3177 29.8471 
-18.3599 44.7893 
43.1678 -19.0649 
-17.561 -30.405 
55.7131 29.8538 
-24.8524 59.8825 
-8.62453 3.43394 
-31.2745 6.274 
-39.798 50.9561 
42.7213 17.8088 
53.0946 -20.9616 
0.509964 -5.10971 
50.1505 -29.6631 
-15.624 -39.3481 
41.0193 28.8534 
41.5094 0.943022 
-26.1818 59.671 
-15.013 -1.71911 
54.1957 15.959 
-41.1878 50.09 
11.0779 41.0428 
-28.9648 -13.4788 
30.7099 38.2833 
14.0489 -21.8143 
55.4781 26.7284 
26.1241 -10.914 
29.1421 55.186 
-6.76809 -44.9208 
-14.9626 42.6475 
-4.77401 -16.7888 
28.746 -32.1809 
55.4277 32.1467 
-8.14112 5.5858 
37.7059 19.1046 
18.403 43.2316 
0.103763 33.5701 
-9.58464 44.1884 
39.0622 -46.9283 
44.3294 32.2071 
33.2948 11.3935 
-25.3661 -46.3408 
-28.5586 -35.5379 
-3.50841 -49.1205 
-47.5393 54.3098 
3.71593 -15.7213 
-7.09037 -13.6836 
13.834 -3.9079 
50.1337 0.180975 
36.6988 -6.4156 
-44.5683 29.7833 
-31.7914 34.463 
-3.71319 42.3655 
55.7869 42.3823 
-28.3438 -27.716 
7.0629 -14.7209 
-10.5112 29.7061 
38.421 14.4517 
-49.5904 19.4336 
-45.0987 -2.931 
-3.23649 -9.63836 
-1.91046 20.0412 
-29.0487 -29.3106 
-6.52638 -22.0292 
52.2419 9.33226 
-16.0906 43.0772 
-44.0043 38.7802 
-19.2898 19.823 
-35.4775 9.73846 
38.9413 42.1473 
-36.5484 32.8584 
48.4451 -43.9808 
-27.1654 -12.1293 
7.25089 -44.7697 
-3.05185 -14.5732 
58.8217 33.1236 
41.8955 41.9794 
-40.2478 48.1765 
-4.92508 22.992 
9.52361 56.1931 
-4.45173 -25.1915 
28.7628 -43.0879 
-0.591144 30.4849 
-42.299 -22.0997 
49.1601 9.89288 
-18.6889 53.4504 
-48.7512 -10.5817 
12.6792 -48.6135 
-19.2697 -18.4237 
-38.7606 -34.4234 
-2.84371 -0.195013 
-42.6212 -43.1416 
20.7965 -31.1704 
-20.0082 -29.6329 
-16.8258 -14.1737 
38.5452 -8.07062 
51.0535 -47.2271 
26.2114 -18.6084 
7.86523 -34.7624 
-44.34 55.7332 
-28.2665 37.9678 
24.0327 -20.3137 
54.0547 2.53761 
8.67092 36.776 
27.759 27.4468 
-29.8209 18.497 
19.3362 -44.1252 
4.40077 54.5314 
-6.40217 1.52043 
29.7732 21.7399 
35.3459 7.73095 
-8.22504 44.796 
-33.0805 30.3137 
40.8951 36.2423 
-24.2448 -0.688498 
-34.2521 18.789 
20.9677 10.0372 
-32.0869 57.7038 
23.039 -11.2799 
-30.0021 6.00879 
35.6883 -46.9619 
-16.4364 -19.5618 
-16.0402 52.8797 
48.3914 10.8261 
37.6186 -38.4014 
-40.2478 0.842311 
-6.13697 -6.8218 
45.1485 -17.1615 
58.5229 -4.53902 
17.1407 44.6248 
-30.3412 44.9101 
23.8179 20.9812 
-47.2304 -16.8828 
43.4532 -22.2306 
11.5815 -49.5904 
-15.0566 41.3617 
53.4739 56.8578 
50.5567 51.2885 
-6.2981 25.9865 
-17.4535 8.87234 
27.3562 31.5491 
50.278 39.6765 
-6.80502 42.5837 
-20.7199 -37.4514 
-1.5949 -2.81686 
-1.03092 43.1443 
18.3325 -9.81628 
