351 10
-4 -2 -1 -4 -6 -7 -5 -2 0 -1 
-2 -1 -4 -6 -7 -5 -2 0 -1 -2 
-1 -4 -6 -7 -5 -2 0 -1 -2 -1 
-4 -6 -7 -5 -2 0 -1 -2 -1 0 
-6 -7 -5 -2 0 -1 -2 -1 0 1 
-7 -5 -2 0 -1 -2 -1 0 1 1 
-5 -2 0 -1 -2 -1 0 1 1 -1 
-2 0 -1 -2 -1 0 1 1 -1 -2 
0 -1 -2 -1 0 1 1 -1 -2 3 
-1 -2 -1 0 1 1 -1 -2 3 -1 
-2 -1 0 1 1 -1 -2 3 -1 0 
-1 0 1 1 -1 -2 3 -1 0 -2 
0 1 1 -1 -2 3 -1 0 -2 0 
1 1 -1 -2 3 -1 0 -2 0 -2 
1 -1 -2 3 -1 0 -2 0 -2 -4 
-1 -2 3 -1 0 -2 0 -2 -4 -11 
-2 3 -1 0 -2 0 -2 -4 -11 -10 
3 -1 0 -2 0 -2 -4 -11 -10 -7 
-1 0 -2 0 -2 -4 -11 -10 -7 -4 
0 -2 0 -2 -4 -11 -10 -7 -4 -5 
-2 0 -2 -4 -11 -10 -7 -4 -5 -3 
0 -2 -4 -11 -10 -7 -4 -5 -3 -1 
-2 -4 -11 -10 -7 -4 -5 -3 -1 -3 
-4 -11 -10 -7 -4 -5 -3 -1 -3 -3 
-11 -10 -7 -4 -5 -3 -1 -3 -3 -3 
-10 -7 -4 -5 -3 -1 -3 -3 -3 -2 
-7 -4 -5 -3 -1 -3 -3 -3 -2 3 
-4 -5 -3 -1 -3 -3 -3 -2 3 7 
-5 -3 -1 -3 -3 -3 -2 3 7 3 
-3 -1 -3 -3 -3 -2 3 7 3 8 
-1 -3 -3 -3 -2 3 7 3 8 5 
-3 -3 -3 -2 3 7 3 8 5 -1 
-3 -3 -2 3 7 3 8 5 -1 -1 
-3 -2 3 7 3 8 5 -1 -1 0 
-2 3 7 3 8 5 -1 -1 0 -7 
3 7 3 8 5 -1 -1 0 -7 -9 
7 3 8 5 -1 -1 0 -7 -9 -9 
3 8 5 -1 -1 0 -7 -9 -9 -8 
8 5 -1 -1 0 -7 -9 -9 -8 -5 
5 -1 -1 0 -7 -9 -9 -8 -5 -6 
-1 -1 0 -7 -9 -9 -8 -5 -6 -7 
-1 0 -7 -9 -9 -8 -5 -6 -7 -8 
0 -7 -9 -9 -8 -5 -6 -7 -8 -8 
-7 -9 -9 -8 -5 -6 -7 -8 -8 -9 
-9 -9 -8 -5 -6 -7 -8 -8 -9 -8 
-9 -8 -5 -6 -7 -8 -8 -9 -8 -6 
-8 -5 -6 -7 -8 -8 -9 -8 -6 -8 
-5 -6 -7 -8 -8 -9 -8 -6 -8 -9 
-6 -7 -8 -8 -9 -8 -6 -8 -9 -6 
-7 -8 -8 -9 -8 -6 -8 -9 -6 -8 
-8 -8 -9 -8 -6 -8 -9 -6 -8 -5 
-8 -9 -8 -6 -8 -9 -6 -8 -5 -3 
-9 -8 -6 -8 -9 -6 -8 -5 -3 1 
-8 -6 -8 -9 -6 -8 -5 -3 1 4 
-6 -8 -9 -6 -8 -5 -3 1 4 5 
-8 -9 -6 -8 -5 -3 1 4 5 3 
-9 -6 -8 -5 -3 1 4 5 3 0 
-6 -8 -5 -3 1 4 5 3 0 -2 
-8 -5 -3 1 4 5 3 0 -2 0 
-5 -3 1 4 5 3 0 -2 0 3 
-3 1 4 5 3 0 -2 0 3 3 
1 4 5 3 0 -2 0 3 3 6 
4 5 3 0 -2 0 3 3 6 12 
5 3 0 -2 0 3 3 6 12 13 
3 0 -2 0 3 3 6 12 13 14 
0 -2 0 3 3 6 12 13 14 5 
-2 0 3 3 6 12 13 14 5 1 
0 3 3 6 12 13 14 5 1 2 
3 3 6 12 13 14 5 1 2 5 
3 6 12 13 14 5 1 2 5 7 
6 12 13 14 5 1 2 5 7 4 
12 13 14 5 1 2 5 7 4 9 
13 14 5 1 2 5 7 4 9 11 
14 5 1 2 5 7 4 9 11 12 
5 1 2 5 7 4 9 11 12 10 
1 2 5 7 4 9 11 12 10 12 
2 5 7 4 9 11 12 10 12 4 
5 7 4 9 11 12 10 12 4 4 
7 4 9 11 12 10 12 4 4 9 
4 9 11 12 10 12 4 4 9 14 
9 11 12 10 12 4 4 9 14 16 
11 12 10 12 4 4 9 14 16 16 
12 10 12 4 4 9 14 16 16 15 
10 12 4 4 9 14 16 16 15 9 
12 4 4 9 14 16 16 15 9 8 
4 4 9 14 16 16 15 9 8 13 
4 9 14 16 16 15 9 8 13 13 
9 14 16 16 15 9 8 13 13 13 
14 16 16 15 9 8 13 13 13 12 
16 16 15 9 8 13 13 13 12 8 
16 15 9 8 13 13 13 12 8 7 
15 9 8 13 13 13 12 8 7 5 
9 8 13 13 13 12 8 7 5 8 
8 13 13 13 12 8 7 5 8 6 
13 13 13 12 8 7 5 8 6 9 
13 13 12 8 7 5 8 6 9 6 
13 12 8 7 5 8 6 9 6 10 
12 8 7 5 8 6 9 6 10 13 
8 7 5 8 6 9 6 10 13 17 
7 5 8 6 9 6 10 13 17 19 
5 8 6 9 6 10 13 17 19 13 
8 6 9 6 10 13 17 19 13 12 
6 9 6 10 13 17 19 13 12 15 
9 6 10 13 17 19 13 12 15 17 
6 10 13 17 19 13 12 15 17 20 
10 13 17 19 13 12 15 17 20 20 
13 17 19 13 12 15 17 20 20 22 
17 19 13 12 15 17 20 20 22 21 
19 13 12 15 17 20 20 22 21 22 
13 12 15 17 20 20 22 21 22 21 
12 15 17 20 20 22 21 22 21 20 
15 17 20 20 22 21 22 21 20 21 
17 20 20 22 21 22 21 20 21 21 
20 20 22 21 22 21 20 21 21 16 
20 22 21 22 21 20 21 21 16 20 
22 21 22 21 20 21 21 16 20 13 
21 22 21 20 21 21 16 20 13 9 
22 21 20 21 21 16 20 13 9 11 
21 20 21 21 16 20 13 9 11 12 
20 21 21 16 20 13 9 11 12 22 
21 21 16 20 13 9 11 12 22 20 
21 16 20 13 9 11 12 22 20 17 
16 20 13 9 11 12 22 20 17 21 
20 13 9 11 12 22 20 17 21 25 
13 9 11 12 22 20 17 21 25 20 
9 11 12 22 20 17 21 25 20 23 
11 12 22 20 17 21 25 20 23 23 
12 22 20 17 21 25 20 23 23 23 
22 20 17 21 25 20 23 23 23 26 
20 17 21 25 20 23 23 23 26 26 
17 21 25 20 23 23 23 26 26 26 
21 25 20 23 23 23 26 26 26 25 
25 20 23 23 23 26 26 26 25 28 
20 23 23 23 26 26 26 25 28 29 
23 23 23 26 26 26 25 28 29 24 
23 23 26 26 26 25 28 29 24 28 
23 26 26 26 25 28 29 24 28 20 
26 26 26 25 28 29 24 28 20 22 
26 26 25 28 29 24 28 20 22 25 
26 25 28 29 24 28 20 22 25 28 
25 28 29 24 28 20 22 25 28 28 
28 29 24 28 20 22 25 28 28 28 
29 24 28 20 22 25 28 28 28 31 
24 28 20 22 25 28 28 28 31 31 
28 20 22 25 28 28 28 31 31 29 
20 22 25 28 28 28 31 31 29 27 
22 25 28 28 28 31 31 29 27 25 
25 28 28 28 31 31 29 27 25 27 
28 28 28 31 31 29 27 25 27 28 
28 28 31 31 29 27 25 27 28 32 
28 31 31 29 27 25 27 28 32 29 
31 31 29 27 25 27 28 32 29 24 
31 29 27 25 27 28 32 29 24 23 
29 27 25 27 28 32 29 24 23 24 
27 25 27 28 32 29 24 23 24 21 
25 27 28 32 29 24 23 24 21 21 
27 28 32 29 24 23 24 21 21 25 
28 32 29 24 23 24 21 21 25 27 
32 29 24 23 24 21 21 25 27 30 
29 24 23 24 21 21 25 27 30 31 
24 23 24 21 21 25 27 30 31 17 
23 24 21 21 25 27 30 31 17 23 
24 21 21 25 27 30 31 17 23 25 
21 21 25 27 30 31 17 23 25 28 
21 25 27 30 31 17 23 25 28 32 
25 27 30 31 17 23 25 28 32 26 
27 30 31 17 23 25 28 32 26 17 
30 31 17 23 25 28 32 26 17 17 
31 17 23 25 28 32 26 17 17 22 
17 23 25 28 32 26 17 17 22 22 
23 25 28 32 26 17 17 22 22 23 
25 28 32 26 17 17 22 22 23 21 
28 32 26 17 17 22 22 23 21 26 
32 26 17 17 22 22 23 21 26 26 
26 17 17 22 22 23 21 26 26 23 
17 17 22 22 23 21 26 26 23 23 
17 22 22 23 21 26 26 23 23 25 
22 22 23 21 26 26 23 23 25 25 
22 23 21 26 26 23 23 25 25 28 
23 21 26 26 23 23 25 25 28 31 
21 26 26 23 23 25 25 28 31 30 
26 26 23 23 25 25 28 31 30 31 
26 23 23 25 25 28 31 30 31 28 
23 23 25 25 28 31 30 31 28 31 
23 25 25 28 31 30 31 28 31 32 
25 25 28 31 30 31 28 31 32 33 
25 28 31 30 31 28 31 32 33 35 
28 31 30 31 28 31 32 33 35 35 
31 30 31 28 31 32 33 35 35 25 
30 31 28 31 32 33 35 35 25 34 
31 28 31 32 33 35 35 25 34 34 
28 31 32 33 35 35 25 34 34 34 
31 32 33 35 35 25 34 34 34 28 
32 33 35 35 25 34 34 34 28 27 
33 35 35 25 34 34 34 28 27 28 
35 35 25 34 34 34 28 27 28 30 
35 25 34 34 34 28 27 28 30 34 
25 34 34 34 28 27 28 30 34 35 
34 34 34 28 27 28 30 34 35 31 
34 34 28 27 28 30 34 35 31 30 
34 28 27 28 30 34 35 31 30 32 
28 27 28 30 34 35 31 30 32 27 
27 28 30 34 35 31 30 32 27 26 
28 30 34 35 31 30 32 27 26 27 
30 34 35 31 30 32 27 26 27 24 
34 35 31 30 32 27 26 27 24 23 
35 31 30 32 27 26 27 24 23 22 
31 30 32 27 26 27 24 23 22 24 
30 32 27 26 27 24 23 22 24 26 
32 27 26 27 24 23 22 24 26 30 
27 26 27 24 23 22 24 26 30 32 
26 27 24 23 22 24 26 30 32 34 
27 24 23 22 24 26 30 32 34 30 
24 23 22 24 26 30 32 34 30 31 
23 22 24 26 30 32 34 30 31 35 
22 24 26 30 32 34 30 31 35 23 
24 26 30 32 34 30 31 35 23 20 
26 30 32 34 30 31 35 23 20 23 
30 32 34 30 31 35 23 20 23 26 
32 34 30 31 35 23 20 23 26 25 
34 30 31 35 23 20 23 26 25 26 
30 31 35 23 20 23 26 25 26 27 
31 35 23 20 23 26 25 26 27 24 
35 23 20 23 26 25 26 27 24 25 
23 20 23 26 25 26 27 24 25 27 
20 23 26 25 26 27 24 25 27 24 
23 26 25 26 27 24 25 27 24 26 
26 25 26 27 24 25 27 24 26 26 
25 26 27 24 25 27 24 26 26 27 
26 27 24 25 27 24 26 26 27 28 
27 24 25 27 24 26 26 27 28 30 
24 25 27 24 26 26 27 28 30 31 
25 27 24 26 26 27 28 30 31 31 
27 24 26 26 27 28 30 31 31 29 
24 26 26 27 28 30 31 31 29 24 
26 26 27 28 30 31 31 29 24 26 
26 27 28 30 31 31 29 24 26 22 
27 28 30 31 31 29 24 26 22 23 
28 30 31 31 29 24 26 22 23 26 
30 31 31 29 24 26 22 23 26 25 
31 31 29 24 26 22 23 26 25 23 
31 29 24 26 22 23 26 25 23 18 
29 24 26 22 23 26 25 23 18 20 
24 26 22 23 26 25 23 18 20 21 
26 22 23 26 25 23 18 20 21 25 
22 23 26 25 23 18 20 21 25 31 
23 26 25 23 18 20 21 25 31 31 
26 25 23 18 20 21 25 31 31 30 
25 23 18 20 21 25 31 31 30 23 
23 18 20 21 25 31 31 30 23 21 
18 20 21 25 31 31 30 23 21 22 
20 21 25 31 31 30 23 21 22 24 
21 25 31 31 30 23 21 22 24 24 
25 31 31 30 23 21 22 24 24 25 
31 31 30 23 21 22 24 24 25 26 
31 30 23 21 22 24 24 25 26 27 
30 23 21 22 24 24 25 26 27 21 
23 21 22 24 24 25 26 27 21 20 
21 22 24 24 25 26 27 21 20 19 
22 24 24 25 26 27 21 20 19 23 
24 24 25 26 27 21 20 19 23 25 
24 25 26 27 21 20 19 23 25 11 
25 26 27 21 20 19 23 25 11 14 
26 27 21 20 19 23 25 11 14 24 
27 21 20 19 23 25 11 14 24 15 
21 20 19 23 25 11 14 24 15 15 
20 19 23 25 11 14 24 15 15 21 
19 23 25 11 14 24 15 15 21 25 
23 25 11 14 24 15 15 21 25 24 
25 11 14 24 15 15 21 25 24 26 
11 14 24 15 15 21 25 24 26 23 
14 24 15 15 21 25 24 26 23 19 
24 15 15 21 25 24 26 23 19 12 
15 15 21 25 24 26 23 19 12 15 
15 21 25 24 26 23 19 12 15 19 
21 25 24 26 23 19 12 15 19 14 
25 24 26 23 19 12 15 19 14 10 
24 26 23 19 12 15 19 14 10 6 
26 23 19 12 15 19 14 10 6 10 
23 19 12 15 19 14 10 6 10 8 
19 12 15 19 14 10 6 10 8 4 
12 15 19 14 10 6 10 8 4 8 
15 19 14 10 6 10 8 4 8 8 
19 14 10 6 10 8 4 8 8 14 
14 10 6 10 8 4 8 8 14 10 
10 6 10 8 4 8 8 14 10 11 
6 10 8 4 8 8 14 10 11 11 
10 8 4 8 8 14 10 11 11 6 
8 4 8 8 14 10 11 11 6 8 
4 8 8 14 10 11 11 6 8 9 
8 8 14 10 11 11 6 8 9 6 
8 14 10 11 11 6 8 9 6 8 
14 10 11 11 6 8 9 6 8 10 
10 11 11 6 8 9 6 8 10 10 
11 11 6 8 9 6 8 10 10 11 
11 6 8 9 6 8 10 10 11 12 
6 8 9 6 8 10 10 11 12 10 
8 9 6 8 10 10 11 12 10 9 
9 6 8 10 10 11 12 10 9 9 
6 8 10 10 11 12 10 9 9 5 
8 10 10 11 12 10 9 9 5 2 
10 10 11 12 10 9 9 5 2 6 
10 11 12 10 9 9 5 2 6 8 
11 12 10 9 9 5 2 6 8 3 
12 10 9 9 5 2 6 8 3 0 
10 9 9 5 2 6 8 3 0 2 
9 9 5 2 6 8 3 0 2 2 
9 5 2 6 8 3 0 2 2 1 
5 2 6 8 3 0 2 2 1 2 
2 6 8 3 0 2 2 1 2 3 
6 8 3 0 2 2 1 2 3 3 
8 3 0 2 2 1 2 3 3 6 
3 0 2 2 1 2 3 3 6 3 
0 2 2 1 2 3 3 6 3 5 
2 2 1 2 3 3 6 3 5 5 
2 1 2 3 3 6 3 5 5 5 
1 2 3 3 6 3 5 5 5 1 
2 3 3 6 3 5 5 5 1 -2 
3 3 6 3 5 5 5 1 -2 0 
3 6 3 5 5 5 1 -2 0 3 
6 3 5 5 5 1 -2 0 3 7 
3 5 5 5 1 -2 0 3 7 10 
5 5 5 1 -2 0 3 7 10 7 
5 5 1 -2 0 3 7 10 7 6 
5 1 -2 0 3 7 10 7 6 2 
1 -2 0 3 7 10 7 6 2 6 
-2 0 3 7 10 7 6 2 6 4 
0 3 7 10 7 6 2 6 4 12 
3 7 10 7 6 2 6 4 12 13 
7 10 7 6 2 6 4 12 13 6 
10 7 6 2 6 4 12 13 6 3 
7 6 2 6 4 12 13 6 3 0 
6 2 6 4 12 13 6 3 0 4 
2 6 4 12 13 6 3 0 4 7 
6 4 12 13 6 3 0 4 7 5 
4 12 13 6 3 0 4 7 5 4 
12 13 6 3 0 4 7 5 4 2 
13 6 3 0 4 7 5 4 2 6 
6 3 0 4 7 5 4 2 6 7 
3 0 4 7 5 4 2 6 7 7 
0 4 7 5 4 2 6 7 7 6 
4 7 5 4 2 6 7 7 6 6 
7 5 4 2 6 7 7 6 6 3 
5 4 2 6 7 7 6 6 3 6 
4 2 6 7 7 6 6 3 6 9 
2 6 7 7 6 6 3 6 9 0 
6 7 7 6 6 3 6 9 0 -1 
7 7 6 6 3 6 9 0 -1 -2 
7 6 6 3 6 9 0 -1 -2 -3 
6 6 3 6 9 0 -1 -2 -3 0 
6 3 6 9 0 -1 -2 -3 0 4 
