31 1 

1.2033916297183802 
-6.704880245434807 
-2.408891057531737 
-2.4560436629848796 
-3.265188715578505 
-1.176217030013283 
-4.444540840842872 
1.1349658720173756 
-2.400966132966563 
1.9833098034199201 
-1.5226170369771526 
1.1966507932321182 
-2.8689619487591336 
-2.8295444032165933 
-2.3308521827658497 
-2.302244739273841 
-4.614328119442801 
-1.737611340466408 
-1.77132649037746 
-1.8781848337452727 
-4.614967420599892 
3.0268062028502403 
-2.818900459452232 
-4.16018813087338 
2.426709704073191 
9.980073852356528 
-0.7653976090394675 
-2.2079537814755725 
-1.9877446031186246 
2.0347719253750323 
-1.824704468250155 

 -11 35 -11 35 
