<<<<<<< HEAD
11 21 

-4.8934538002206525 -2.6829124781198432 -1.91680274946362 1.8227457679281018 -2.708897028304967 -1.7469320053154411 -13.121322622196493 -1.966263645554176 -1.95724302894355 -2.0177436860884255 -1.8471253190151908 -4.090436286979769 -1.5026047997078849 0.43160129934371994 -2.1187062505443652 -2.8122159357099212 -10.952321891173272 -1.9794764748357185 -1.9281285676227584 -1.8288423255506094 -20.37215213848955 
-12.698005786330501 -9.948050570950056 -0.08556026515672156 -2.265628939119761 -14.848656845185241 -0.8240459317867529 -0.6711135747567276 -0.9539017694834576 2.434299837548848 -0.7524069009309145 3.0381992563207616 -5.172382730707452 -3.897415617020448 -4.85723642250502 -2.6151559935390463 14.007405349752009 -5.593976856470679 1.178296332538477 -0.4902940597638909 -3.9979606562589 -2.0011004840282283 
-17.36625731777709 14.035310926589519 -2.15001122702501 -12.323676038613407 -8.010441683659339 -2.9695250667864657 -11.58968887163984 -1.343611095495832 -2.228825393357085 -0.7793346795282549 -2.3115337566826155 1.7265938691612839 -2.2001275049667774 -8.91119842083395 -0.2025759711727081 1.7567357580170868 -2.8411129699223503 -1.7699430934470746 -1.7387474307403574 -1.4358416886414618 11.556583910655794 
0.26388412618228346 -4.021349538379946 1.3497907948711072 -9.431506360655643 3.939448606598607 2.00605435426212 6.839909608330356 1.6012480035957757 -0.49486883212939387 1.1130431786589963 -1.349427003344237 1.172522374648542 7.4027643715196225 -4.04423827896566 1.4642487520449943 1.3532305489769894 -1.958858773339109 0.24206008891688519 1.32794100785167 6.305439167902517 -7.952966633097664 
-3.5113377221571698 -8.272419475842701 0.09657392466228257 16.267924547528448 -7.089995746859784 0.4909887653969693 4.398158146312921 -0.2325763275453249 -0.035884864776824184 -0.7880443803830799 0.21700685904065917 2.119225611880388 -5.154102483339832 3.852793817138769 -0.08695082844407669 -13.26128492152381 12.456717341179946 -0.09102340888465027 0.029651116970995452 -4.472580889040626 -2.9642106754980566 
-2.7107394894651904 4.885053127828683 -0.6832409374001638 -10.016360008224497 8.49739164125933 -2.3913385876930064 -1.434139091706229 0.46860942912619613 -0.6652360825708509 1.2630320022520376 -0.8762659558998631 8.905984454881658 -3.923158573557994 -6.834141989522606 1.7193900520588157 11.803373035552374 -7.175929329080533 -0.0440095386716987 -0.16615377847451346 -2.558990570096341 5.333193363708564 
-1.5586474575713358 -0.20211456877179426 -0.4134139342204654 10.905591989943964 9.479547340677456 0.8845833631589712 -12.337306619268814 -0.7686102934699195 -0.808754213141894 -0.3951437819319114 -0.60519427312852 -3.6279802152339733 2.7189069523210256 1.074762642155832 -0.47024248521550543 -6.799743514911771 2.3524373710744815 -0.9968855252764843 -0.44332713694657516 1.8137417136094403 19.918953844539626 
9.174206929158373 -7.543736948038264 1.370672564804615 -11.186030657646588 -4.91805092427024 1.6390485189242912 17.104664675135684 1.3619707574666606 0.3738027089508788 0.2776437717594245 -0.01935130179585725 -1.6249831250984577 4.1054124942607775 -3.622903270518766 0.8394532025303643 -4.025305867809837 -2.9023673686124227 0.8164827696890804 1.1763985762638884 3.7171699596731327 -25.991646643142698 
1.9920922190231387 8.884285015713724 0.8113463490505455 5.873748089951706 -0.42014407030371026 -0.23380773504888788 11.961714512796108 0.3532747783701565 1.5608052047945005 0.5135442387750387 1.2757146001676785 -8.835907510826031 -4.7886470082729975 3.6261317643972726 -0.5715620426220064 1.5546867999150882 3.929207229390859 1.2087150359681214 0.7042126789358268 -4.029180804811902 2.2065067471290405 
4.182754118345985 6.773449825506154 -0.934741616255908 -1.2583263539145297 6.934201354672047 -0.10915515326302772 -4.550874680901576 -0.5246679691430883 -1.4041798023118022 -0.2842446443205412 -1.3900485456612817 7.13265771327778 2.9550880163372324 5.4587685169542075 0.6867900968116327 4.302587603430808 8.734044731987995 -1.1364160898007165 -0.7153721418125394 2.508849486013397 -2.7996807483898865 
12.810993467839038 -12.340410463254097 -2.1023240134911783 -5.611200123416503 -0.7912064602870319 -2.111244361082849 8.794083539475606 -2.613942287101064 -1.6043263556909189 -2.896622110477587 -1.2603744319414254 -3.4596958325752722 -2.141581237542046 -4.622891735202067 -3.5286776739632533 -15.016325179688344 -0.33968050048726484 -2.0348843374279912 -2.3881407589476455 -2.346160629534081 25.206743880628252 
=======
11 30 

-4.723218381212469 -24.978967021201978 -1.681288422025133 -2.7648749790410663 -0.24430726944424858 -4.210111675491882 -9.023974647188293 -1.654934663187646 -14.326164395305335 -6.09724947463508 4.810348021513278 -2.0679474231001858 -9.804598747719403 -1.6895989311354174 -1.2639129959017472 1.9842487961780944 -1.2681408977134194 -1.3425023317428273 -1.7275872445011848 -1.5511823329084036 -15.053920331892341 -2.3592743819989117 -11.078108370934403 -0.5739852969119509 0.8546463818612525 -16.764620447264917 -1.583795350174095 -1.5963988939454292 -16.48632606581212 -1.483187142431458 
-21.121583936393154 -11.98763217441793 -1.276654788290602 -4.717742168311329 -5.969630189355696 -8.125220780342723 -15.623669574364046 -1.765829809170851 -3.3655694404801966 10.692667840337501 -10.638701701821171 -1.4420823393622297 8.898313258483855 -2.5694067565968903 -1.6728242717885624 0.4792043696623515 3.03844912651726 2.690886326643902 -2.197060958922034 -4.4483220695616845 -13.807063278592773 -4.77976185901749 -18.827594540211148 -21.949386265939356 -4.142523078948031 -19.457161512921104 -1.307509380636225 0.8486230067964233 11.18520105008505 2.5624509550684955 
14.583167520031049 8.3748691705996 -0.3404118974966295 0.06825641885711652 -2.330393037417914 5.982981197757065 15.14507453041493 -0.6605519502361783 -8.107080040205103 6.595768412933823 17.709551410427537 -0.16726854818598225 9.09888144120765 -0.10567059415192448 13.55935931011383 -19.9652390320818 -0.9828447001957964 -0.6800473008818888 1.3367889272406792 -1.4315803191423895 29.627199835829167 0.7969895086528117 -13.154021591491535 -1.017820437872961 -15.339156681472621 4.708444004583877 -0.300997030729185 0.2891248483487579 7.006001180553014 0.3203744515891878 
-7.539147222942847 16.81495673106198 1.591660785356007 6.238648503982476 1.696191970860647 10.316164598445907 -18.196132357632816 3.039845036769751 28.748407079135085 2.1158810462139455 5.388106007392839 -0.6596665823962803 -9.09900186334201 1.0090959087957476 -4.1759449270417575 -4.193833090452752 -2.880250948091099 -0.21765708077990073 -3.9296305730487853 5.449095660031988 -2.434903369076532 6.42139267035186 -8.214599609882447 4.7787708587812725 -10.213183332430544 12.664918813106118 0.7308819936639267 -2.448069836024163 -26.677417241485095 -2.8820232895913134 
-6.534832244715762 13.376970749115326 -0.24253580669527683 -1.6560774250227903 -1.8323371936612909 -4.13497547175341 1.7392978378133463 -0.4728010575766695 -8.74861962399684 -16.722033149984906 -4.50362928799665 -0.10383095097890904 1.4701567538304023 0.14201349650025769 -15.49732296656191 19.46960288077452 1.1678346341492105 0.572545541105834 4.224880129662224 -3.9154482536404225 8.390642774479932 -1.4390083769965318 -7.464600797325157 -13.000236837697853 9.034953471632758 10.648844053597717 0.5675582769929122 1.3041878450041666 19.72891257009429 1.5334535480334588 
14.662938126262182 -20.852600949826133 -1.1991587189921133 -1.441641512498309 -6.455600176819853 -7.165256967196468 -7.126564107617615 -0.7353275631022318 0.1627292106926225 20.187405321460535 -10.27744640934676 -1.8061182131722444 -11.249636041125457 -1.7668295039473785 12.314989403130816 -6.0006595329674735 0.44025222505152845 0.6334462320157219 -1.411242434170541 -4.442264285261443 -21.65469524880886 -3.470654798513757 0.956340596699883 9.42806517347212 -4.851619721974586 33.93629632253773 -1.295242593280319 -0.4793914489126148 8.719501361397692 -0.09049612307778679 
1.0003228237087383 5.859048028853151 0.0894923814116698 0.8961577564996532 11.904589390153559 -5.676685260047364 21.05474660348047 -0.7215838409025467 -7.769633388491191 -10.878056807641173 -6.74437555993012 2.806463941667144 -7.231594997421639 1.6181105109977787 -6.374391515647752 7.513214669630733 -0.6565752672720985 -3.0895578972248017 -0.04543203842350143 5.458910946755183 -13.871792853330446 -0.6356668714531805 6.495088150318965 17.348714670545345 2.209591223325936 -10.196878961818308 0.19439655433027012 -0.3374467407484055 3.869238281378919 -1.8472726442057599 
-5.377028275227542 5.10781918299402 0.4124427127714628 6.024051271809975 -4.100504336907331 11.030181874911547 -12.783291780298388 1.8918792615389983 15.273158468856536 2.6385486084547995 -2.2710824235826763 -1.7714315962390517 6.894548922385532 -0.12961784313818284 -9.306918568612284 -12.063127631921231 -2.1196462294579828 0.14197704892174387 -0.2682768447299206 -0.2756058504713202 16.616534156530896 5.5648114030738585 9.809627496074757 -9.810165912060215 -8.545824742528136 -16.97642531409734 0.21184571999342622 -1.358111537985445 -22.87191431708257 -1.0489405166961132 
6.726478660130929 -0.9119393602056778 -0.31965436362929117 -8.652114212290403 -5.6236554182771386 -3.9131442850827702 -7.933266654645985 -1.6943551706445 -10.095515183744395 2.4882791347396487 -10.759497476918753 -1.0577248386112104 2.9347593837878767 -1.8845278290606553 8.959239717768172 6.042033309598316 2.149369881360723 3.4937168207967404 -4.4701516287869465 -4.82816797665346 15.59778046102182 -4.724285603037934 -5.169945842698835 -7.771894905250344 2.0595283526398975 -24.762793991399846 -0.7757938622339998 0.7895819436667347 13.171858279958528 2.5273161421508092 
11.632290560848478 4.772799270281973 -0.03332658629985327 9.045357767349264 3.175836965370975 1.8360754749326345 4.4788061389962195 2.013666989616339 10.036346707738897 0.9042943782737236 1.4861438735988624 0.02990351322228285 -11.153513129489328 2.00772800264904 5.721905403296609 -3.3703611087452594 -2.683105911873226 -4.844588339240149 6.17278908499254 -0.09420388222947927 -13.596239292665535 4.129996710535098 4.5839258452765534 17.625705712006006 3.813529945006774 23.06491225290981 0.9141298348487519 -1.1124435508717867 -12.633815252897904 -3.638034889402958 
-14.148881536569633 4.83769615751538 -2.303599250509784 -8.407336216290926 4.2243185259369405 -1.8810379593816242 28.126006714759953 -4.759005051287128 -1.1649613033042294 -17.732077655111244 -2.5582579759231563 0.7214740545617061 15.537573203609162 -2.0991636579429107 -11.479470214094516 -15.30555753739784 -0.5586583849055407 -1.6405356348629265 -2.609034856940283 1.5882954854043836 6.516960191361977 -5.095229022622249 29.7814113693594 -8.024424345614865 -7.260299800492177 0.22531524221878071 -2.519345444151862 -0.3281569222113514 14.797117648772314 0.05210785150317043 
>>>>>>> origin/master

 -11 35 -11 35 
