197 1
105.93
105.25
106.48
105.47
106.0
104.89
108.65
109.72
108.78
110.42
109.51
110.23
109.95
108.91
108.97
109.34
110.8
111.62
112.11
108.89
107.88
106.64
106.93
105.01
105.0
103.91
96.0
97.61
93.99
93.96
94.2
95.2
94.0
93.37
93.0
93.33
93.48
92.72
90.0
92.39
94.55
94.16
94.64
94.64
95.87
97.22
98.67
99.68
99.44
99.6
99.02
97.6
97.79
97.99
99.25
99.02
98.5
98.53
98.69
97.32
97.82
96.45
96.62
96.0
94.94
96.25
95.94
92.91
93.0
92.9
93.97
94.44
95.49
95.39
94.6
95.7
96.49
96.75
97.17
97.41
97.39
98.92
98.7
99.56
100.0
99.83
99.26
98.25
96.82
104.26
102.83
104.19
104.41
106.05
104.81
105.58
106.27
107.52
108.23
108.71
108.52
107.78
108.14
109.63
109.1
109.23
108.77
108.86
108.59
108.56
107.39
107.41
106.62
105.8
105.66
106.14
107.7
107.9
107.83
107.25
104.64
102.65
107.51
108.73
113.86
115.12
115.19
113.05
113.85
114.35
114.42
111.64
113.0
113.69
113.16
112.46
112.71
113.06
113.4
113.7
114.31
115.02
117.7
117.35
116.79
117.88
117.33
118.18
117.25
116.86
116.81
117.1
117.95
114.31
115.39
113.87
113.65
113.46
111.4
110.98
108.53
110.08
110.31
109.88
111.09
107.12
107.71
106.57
106.7
109.81
109.72
110.12
111.95
111.36
111.47
111.43
110.78
111.6
110.36
109.17
110.0
109.5
109.26
110.86
112.31
113.29
113.84
115.04
115.38
116.47
115.8
116.74
116.8
116.35
115.59
116.52
117.52
