6 20 

-2.1921966544562976 -0.9918776459793548 -1.0463299499679866 -1.1951349927920731 -1.471026343200697 -0.09215754828493836 -0.7581827555464109 -1.5173506404962145 -1.066200663101345 -4.109400914684178 -5.743201685594667 -1.1474278137251679 -1.346440470533976 -1.5318066087436217 -1.0529112246660404 -1.2675901758073815 -4.548200284206453 6.369478037304858 -1.1331528210072446 -1.1980065510596414 
-0.29405877969552247 -1.8691285305864824 -0.3077610012659996 -0.9580537198025966 -0.11589110482676326 -2.4101156403715938 -1.5240232777057605 -0.46401684035693636 -1.2680991996925077 0.5472255188127693 0.2124514456215183 -1.2521185121145155 -1.4948907287571847 0.3335741299297309 -0.8726092932716534 -0.794956488283961 2.4556633435642943 -6.706909527292073 -1.0297846932225145 -0.9896471511715278 
-1.649116653552734 -0.8306605830251174 -0.05770961714336074 -0.6937576705102977 -0.8419209551709596 -0.3308261583261677 -0.8754277472401864 0.1073265691754726 -0.6620873714431561 -1.1610542019931014 -2.209031101386129 -0.23428544656645964 -0.35623057259050783 -0.7919807804458654 -0.6121730972013023 -0.5667431371651506 -4.180370464135068 0.9683445473984399 -0.7902723597069101 1.4996316812096662 
-0.9717685343532302 -0.7004764822681217 -0.15818250466965036 -0.919843644687458 -0.19221031022585675 -2.10346475584895 -1.0518093076391877 -0.8234853097200916 -0.9410258225680208 -1.9467247170236082 7.915255802343132 0.08421772128511189 -0.30081153783062914 -0.14220279110652737 -1.0206129476482197 -0.6793452393854486 -5.4597365800847655 -7.528235100806236 -1.063660726921376 1.3336052307538098 
-0.7263620243807757 -0.6191132423162664 0.15689357605673038 -0.5682400155429233 -0.9729109256353639 -0.7363271156990587 -0.28949424239367977 -0.26242244970181067 -0.6562659630316297 -2.355154724156518 9.882586499754606 -0.41767534909594856 -0.7786809035766724 -1.3525124732173046 -1.2018094219912994 -0.35293101901741014 -4.044312588417239 -4.960712745220313 -0.46797832683951834 -0.4106835981607368 
1.0543507255460869 -1.6373920446332435 -1.1820508286426927 -0.7484307686629291 -0.09894975762119676 -1.4650504097475159 -1.8289712149623063 -0.5470884174099349 -1.1109328424563203 3.8639123599758007 -4.446336633476115 -1.498196018409428 -1.1021039865100923 -0.2711333239219281 -0.5136016692104235 -1.16439084631107 11.429458154575366 -0.29223328910608604 -0.771242323621655 -0.7495538720845865 

 25.638209 26.65067 25.77249 26.893158 
