27 26 

-0.5855355772265705 -1.234207982708102 -1.7342394690744678 -1.9950856678345616 -0.4450470273212583 -1.443665207417109 -2.023447621368022 -1.2718957461709655 -2.313447335021873 -1.6621767981759397 -0.6043067787470006 -1.3020213609641718 -1.2724397254657165 -0.8892437453438576 -1.6577932799147599 -1.3741674969239148 -1.88121217328355 -1.9924043158521545 -0.2341769637840718 -1.4440513812937252 -1.7045387818219675 -1.3913916751174118 -1.8240945209060437 -1.5223680720182295 -1.6369795549225796 -0.09878106167198739 
0.5982043308129726 -1.8526958106435631 -1.0961623760536154 -1.1057099785462778 -1.9830070479803923 -1.7099489414573987 -0.8805482893411059 1.7369480694720765 -1.022581157563496 -1.3409183420376363 -0.39920773868172865 0.44459159480496646 -1.511212213109479 -2.2892807911849986 -1.1525831110770886 -1.8263693665557967 0.3706999620312344 -1.9124142630949363 0.15099157293215362 -0.23379359883513245 -1.4245088002226336 -0.4547675140894078 -1.2761166200683236 -1.832972152832727 -2.0470795174692165 -1.0608896398469188 
-1.287805821595056 -0.9043394668278165 -0.6758733020431926 1.8821789770878103 -2.4226832965406433 1.2413231852260107 -2.2852602883115765 -1.8170506367424533 -0.8938309255874219 -0.7071742726247671 -1.7395832049565338 0.32937516210520107 -1.1232190762868097 -1.5688481626516597 -1.360996327533427 -0.412903553335456 0.013872955476486587 1.157403999895165 1.7316109504531192 -1.6808821264253015 -1.502062963314071 -0.9839800514391428 -1.6331371439831104 -1.3223497154678359 -1.9598066053010597 -1.8902026409247275 
1.0053010185575424 -1.5646954895392562 -1.0752361418050007 -0.9752347637546097 -1.0526314606978735 -0.6540444896880743 -1.1083800367877077 -1.8969475042437043 -0.8622054684707361 -0.6969837882681272 -1.749860344287791 0.910206279650379 -0.6865790288625663 -0.9043328148352486 -0.3946626181827305 -0.4685078304453481 -1.4071100000222336 -1.2053139688671721 -0.7372684418674458 1.3251399257980976 -0.21426877669112612 1.3119775959396025 -0.42368924986565465 -0.860746689514434 -1.4208922822885595 1.7584612653904492 
-1.6091990985859834 -0.2959629096345346 -0.7737189504987369 -2.869397243619921 0.07627686211415731 0.4576360773698635 -0.2704568706950289 -2.8692765065729247 -1.093212801317755 -0.9234952801576517 -1.202185375146376 -2.435407838080579 -0.638371363403901 0.511252978682527 -1.44432244134505 -0.7703062655311311 -2.526116477406792 -0.6049959063701433 1.413675044140216 -1.2320988552558603 -1.2731902171567684 0.43640803610315754 -1.0440166992001187 -0.21597135140887594 -0.32392414332747077 -2.6682530119244086 
-1.4711114497769546 -0.7772237631641648 -0.3083980755070418 0.8081016169088425 -2.0116299948192418 -1.3382004086156887 -1.2795316480235763 -1.5832602506838296 -0.6276560958309392 -0.8439562948656669 -1.3271080005636837 -0.8777593887794238 -0.7195566021664795 -1.818491310769019 -0.3009709875134179 1.4419398627266897 -1.8550561760607447 -0.674984168383562 0.029873521442635102 -0.5277672009485114 -0.7170064464626197 -1.0007163000979715 -0.5235812356634568 1.621620032397799 2.149440359886569 0.05506789355986863 
-0.8964533571014981 -1.1108840039941512 -1.2418479541821195 -1.4941927878153658 -1.3702341653359256 -1.8123662445129847 -0.7526683320643196 1.487747085830182 -0.7944931096985467 -0.765875656263224 -1.4428412478400792 -1.2122401982273947 -1.011009863135642 -1.8646417152698647 -0.989045479606153 -1.6023847822966908 1.6151710425715968 -1.6801346456570432 0.7682187528740647 -1.109410117866895 -1.088146420592878 -1.5937342695013066 -1.0016292471290809 0.9901942552682027 -2.1027136094038528 1.5526885530970365 
-1.835207991943548 -2.6589270126557114 -0.5836410234045184 -0.6275968486979889 0.8851943908054859 0.7552647532220004 0.36558943293463647 0.8933307574196261 -0.7554216865673378 -1.3985280063873977 0.8582206413049711 -2.8094254855463805 -1.1188472335029682 -3.6595604292572332 -1.552375215771885 -0.12187634511739263 0.0038437855694091567 -2.188320341827994 0.42464069969788204 0.177366873044873 -0.8509293339576218 -1.6911354599431474 -0.8637414797131856 -2.010675398559837 -0.17742803549701244 0.49977805285657717 
-1.3886587490573945 -2.320656717551033 -0.6327535502819461 -0.9563605993133427 -1.1247777583481557 -1.1017518482275916 -1.958063759392218 1.2625078475662685 -1.1786876288860786 -1.474573385432578 -1.7916005399298565 0.5984599829100812 -1.1262615436421317 -0.2926408169286612 -1.286933472675141 1.0505894848892119 -1.3561639302886723 -1.5795364818839175 -1.383796691870732 -1.0219300538536717 -0.8456639347643432 1.4381367148785125 -1.009703011408416 -1.920248527955745 0.08348016501637831 0.9863630242577213 
-1.3636403433680144 1.9544559992042696 -0.8779778395552188 -1.3196488338787882 -0.975379885040529 -2.2360393191088375 1.8038559288435598 0.10394497451989616 -0.772046266393436 -0.36245589525970706 -1.2233647875163691 0.35021326185310736 -0.10259023964546683 -2.0550379610396385 -0.3248424230303581 1.5354843957788669 -1.075194589838154 1.6141624125376506 -1.2436341775039832 -0.7296589434483342 -0.23215406088903023 0.9975162630405565 -0.5976511144812463 -0.7888006629900162 -2.117580910900388 -0.9347883552461479 
-0.5689820649007172 -2.0116520388065116 -0.7072523843147343 0.08846618603410707 -1.7172440086898302 -1.2296102632634032 2.1422583124543935 -0.745179032752342 -1.369062744612217 -0.8534601593615901 2.3796317268972436 1.570966093758334 -1.1796745956873536 -0.9691543150640457 -0.8922818640187882 -1.501367916701689 -1.560488647708067 1.9939570915738927 -0.5067228661698707 -1.2289378898329286 -0.6140556405480578 -0.6890863972945635 -0.41214044234846975 -1.2420228525235197 -0.6684509689951949 -1.5760487488512989 
-1.4225877657673334 -1.6410171129724698 -1.0868672733215383 1.550184354033539 1.7242041794583294 0.8494218189945502 1.333830796844645 -1.2968912281132448 -1.9353816063400202 -1.00445427589741 -1.4148741280920034 -2.1615128378945707 -0.8144558883862523 -2.320216895372318 -0.944268189773965 -2.0981602637433383 -1.813697593027472 0.028363310111030816 -1.8942788331301326 -2.0104524925875724 -0.9427994295878778 0.7045827447376748 -1.0333457224471054 1.0807892480386452 -2.3874517067049696 -0.6354595919173646 
-1.1788065640414949 1.4563817821654053 -0.1483548902674926 1.2069281569150703 -1.742486746888608 0.5364262375657399 0.812386932597156 -2.0925059375290016 -0.536033438911749 -0.7932658005578358 0.911936874313057 0.2537007542848505 -0.7825223411508926 2.1103229663203766 -0.6956932704366863 1.3503639416255204 0.7400051660414807 -2.3683152757918213 -2.0437366688438563 1.4780532816930445 -0.444448149813456 -2.139196684131 -0.19412085308320756 -1.8860279172640735 -2.7468517244617954 -2.3713581116378903 
1.2843193859802478 1.5806992762345713 -1.4746020620789515 -1.6119283769539599 -1.781087750882119 -2.0710964922626536 -1.2354490061078744 -2.027190751014709 -1.0112758743952959 -1.5886467390527004 -1.5139842312414877 0.3498027104704343 -0.4861434094199622 -1.5852414315823724 -0.9451526526504559 -1.9452784171993436 0.3236674470029593 -0.6803706048606146 1.7575467231569084 -1.8010183448612733 -0.4950830738641073 0.5850977536045885 -1.0800458718409016 -1.45588507181563 1.4506595647500111 -1.3948245286819942 
0.9022127448880075 -1.0365380852869341 -0.5154108972065313 -1.1587612091480368 0.28273159529836517 -2.000836716071979 1.4113589916930385 -1.470186540935649 -0.5444669875757052 -0.40184386826450746 -0.7218299179062181 0.39671384465627735 -0.454051676095065 -0.103962180207485 -0.22773924434333584 2.4047764157454483 -0.9580416830492033 -1.045474993893519 -0.8929129158085365 -2.0210362073477124 -0.9367506190600162 -0.7629143288127962 -0.9896815042040621 1.1509168184702985 -1.8704197174097486 -0.3721967121906452 
0.9757708428419133 -2.5324832652867912 -0.5772391014086598 -2.7563352719865972 -1.986192831624284 0.880208961128956 -2.6330288582487156 -1.4440912591716262 -0.8311340644193467 -0.7788192301410136 2.3238167519352317 -1.5999376478875789 -1.0903697609804517 1.5217784498522964 -1.2714661359807227 -3.091307305345489 1.0708007960061325 1.28729905989868 -1.7974156846581997 -0.22828879137405392 -0.9589214356892145 -2.1234216364079868 -0.8330591508136821 0.21889880235915185 1.0586932123994737 0.4249373218149439 
-0.40006136392171304 -0.6093684328208803 -0.7443609803014526 -0.5033307094595119 -0.45573373602583334 -0.9310096378275988 -0.9444358737696648 -0.03176696412226298 -0.2718783629369705 -0.6526132704844166 -0.716931872371193 2.636551851735228 -0.4687159778146109 -0.5015148156910619 -0.5972007698210824 -0.6080868443411641 -0.9731261182102063 2.3200404057690736 -0.7055153706928469 -0.11564712918933119 -0.14744625700517797 -0.7711160762106161 -0.2338205266097103 -1.0617398326538372 -0.2883654517602 -0.8322152461681852 
1.0022549209345424 -2.1612938412248806 -1.0250346263121453 0.7590039634457203 -1.4437520180421568 0.24790344305140466 0.2979853197707951 0.9591636301465424 -1.4763580986981448 -0.93694259580749 -2.5445161839323425 -2.6545229835967685 -1.2954228860006962 0.8152786047871122 -0.933791461424594 -0.1961124363944278 -2.251627439307119 0.26221386821002546 -1.79180863049541 0.45981298949782234 -0.9168951262461198 0.6971381548215095 -1.3398372393018145 0.5402008217301645 -0.08077200621584327 -2.7636406892637915 
0.7052233076634309 0.6361637746817873 -0.9557632770808852 1.0654046989707917 1.1259770274329803 -1.876872827188112 -3.0149439455116274 -2.5865648158605556 -1.4675692090971078 -0.9809337376422475 -0.15256983087844922 -1.7777232001902308 -1.0235955502444345 -2.542642367482794 -1.6160294026773734 -1.853975571358061 -2.443292945667681 -0.5451768007552659 -0.36545647569658957 -0.1340312903283595 -1.0500375186256985 -1.5360608959006277 -1.2653863205819338 -0.6959700035590883 -1.8342264763275091 -0.4144286119157451 
-0.1855008329246274 1.1113919149873788 -0.7014554650149456 -2.506331707171363 -1.6225433935342308 0.8579356590498721 -0.19440540816987054 0.16662572347073212 -0.8014743907013696 -0.8847501687880852 -0.0527243023248331 -1.900506978484446 -0.9439518073456199 -0.09767691542035649 -0.49611495294077 0.3936847386091487 -2.3769280017463297 0.2975890341052102 -1.4961021086698019 -0.182641015528945 -0.3909419598264618 -2.601611712449234 -0.44484774948641087 0.33106046736577327 0.27588407641258395 -1.9032543491215868 
-1.5709796443034045 0.1388201936566121 -1.1366269314583965 0.050485060865327586 0.40347397219928505 -2.752468050759983 -2.9983014335541673 0.3543987832135301 -1.4067804260511336 -2.017111323228621 1.1996909747725868 0.1116867973619432 -1.160053319739636 0.838927871087377 -1.2507506959587518 -0.16250643384094335 0.380728930718903 -2.290989090063014 -2.589006512218029 -2.724060852847542 -1.9408067971501608 -2.0573330397446083 -1.2697482216521288 -2.769082096992365 0.011269572652277422 -3.0155397589679467 
-0.8688828241060873 -1.1048547152202874 -0.4908005855508593 -0.562586025078857 -1.1553359612978966 -1.4793662027640133 -0.9010292147658378 1.1171463959188375 -1.2346918178060207 -1.2568000028046342 -1.3861848196898172 1.7434854826629904 -0.5978144596022055 2.351496130878875 -1.0724203791019211 -1.4356235280571419 -1.6201311124966362 -1.2793976268195342 0.26918761121810925 -1.1408627564015055 -0.6070513714383912 -1.0566695377903998 -1.4614543203005161 1.6464111379381126 -1.9221272623327104 -1.5304499119842465 
-1.539227466162265 -2.2947224919372173 -0.9996048151111796 -0.05676904193597674 1.6431369580361699 -1.616574303763471 -1.538841712067565 -2.0753561251038186 -1.0382964577197649 -1.1249227328220894 -2.170570387827323 -0.18206023214451977 -1.4497935688289552 -1.262205712046267 -1.1061336825003834 1.1663062389249697 0.9047721137802457 0.8819312705035759 0.9900128146602264 1.8923594692173662 -0.8412794310269626 -1.7234035809780475 -1.3188119850170683 -2.0435728853020136 0.566065244227254 -2.0320544247258376 
-0.8679312130945559 0.6084220200261231 -1.8235509464845536 -3.143992573055081 0.735154822446075 0.19785151234442547 -0.15045332644913806 -0.10974588581386747 -1.0809239259913872 -1.7570759704725731 -3.499630918909564 -0.5821688200939307 -1.0452389125039354 0.19329018075419757 -1.4142051697718712 -3.359301831717919 0.6155274917823861 0.481447565849652 -3.6079025176422546 0.24173150083781395 -1.2934185686354345 0.1141043142593183 -1.7286918451342956 -2.9945611175020215 0.5414010188561785 0.3854243287880841 
-2.0125794615528094 -0.29535953012274957 -1.1747200487911573 0.8905188187538526 -1.6910434014382643 -1.6722815196707268 1.3498493095342399 -1.9447287975746588 -1.1988648668480855 -1.0553064890573074 0.8249979745941295 -0.29605366993197413 -1.1283443493293523 -1.4094145109673035 -0.8086481846486217 -2.297834130188711 -1.3108292222065556 -2.3279336752378335 -1.8427820525686076 1.3318417971759275 -1.408398401209771 -1.595051581630096 -1.3979521218785473 -1.0959631314073408 -1.4263422709773266 1.9123464661042004 
-0.7547729939192155 1.354816126134633 -0.11538520886702884 1.9552337500996517 -1.046205445150101 2.119065055396154 -1.347382776127357 -1.320202147076244 -0.5620628054825021 -0.5409458420680644 -1.862027066449537 -0.8822426228083161 -0.7028961456586176 -2.1882344268052787 -0.545689212841072 -1.559841584867021 2.3705643545946855 -2.240680083373856 -1.9355449961389992 -0.3984004714880393 -0.7854031735626268 1.3165572118154407 -0.4355921508056227 1.563885159349808 -1.1511166529571712 -1.0567409020381342 
-0.5279806711096967 -0.7664830727407938 -1.2304470081281402 -0.38238417835715116 -1.1969143918599303 -0.512223145883235 -0.768076744852586 -1.056505594814842 -0.6933722575855473 -1.1248698933151482 -0.6201608312100115 -0.21185517260599737 -0.6300314186346889 -1.4813738509319996 -0.3963675078930458 -0.1958583156416972 -0.5224619076770642 -1.3539553795628834 -0.8461683015042778 -0.4359129918958238 -0.5678843409864823 1.5435510893167603 -0.4952497166122653 -0.9493851062476312 2.685508882874282 -0.18983664408090462 

 0 1 0 1 
