9 17 

-3.292378778814627 -4.696392350354322 -2.914867581796492 13.80868509429654 -1.7802555976571997 -13.868326141943514 -2.3134438560781705 -2.5081037095474095 -2.943502886698788 -3.04301309930419 -3.2416125619787186 -3.1874917645007055 -2.9931617016339733 -3.0712099459800473 -2.6499572480733264 -3.291801298823331 -2.901674272452804 
-2.60743679569639 -2.907661938083129 -2.224730423808382 -26.212481797510176 -1.8125804929954623 7.1805908658261535 -1.7880258470910722 -1.8816245386533543 -2.9252375742399734 -5.905309878562368 -3.3489907090861037 -5.441882060883848 -2.3770279387171396 -5.666106691431891 -1.3762720489872624 -4.961051566535167 -1.0927517441463614 
-0.3178732457408961 22.54414755965386 -0.4898254294984455 -8.147710126850475 -0.14687954584202303 18.76549939935336 -0.3967552442199643 -0.7801422067502116 -0.33516958890403953 -0.053654172004294516 0.016837386209492176 -0.34046266843455303 -0.5893978118932846 0.18070625102516585 -2.223161900788602 0.3954286631710175 0.7169282346292605 
-0.03179739950588703 0.33295521845907067 -0.016194784595465115 0.22227945435831753 -0.2707023678896694 -0.39281791832211665 0.015071674492475613 -0.28144490094680913 0.24756719068073169 0.40118495920257974 -0.5229466787878758 0.2913100951283332 -0.471229414080441 0.28525374334479214 -0.4569124438274363 0.07201638272349828 -0.34355991969754435 
1.3681072932866403 20.140394718633555 1.3107783574814365 0.16123194356347492 0.2748022107473631 -11.858905627446706 0.09089045958718162 0.13273499976754338 1.173735040169661 2.4671205609498204 1.5161779412985312 3.369718209126288 0.6411189111935667 1.6792443054826125 -1.1460127800202888 1.3598930760948704 -1.7712244429778703 
-2.320619656926246 -18.67969343890346 -1.4540697587039786 -7.793059083911327 -1.0616063235742168 5.1894964573464275 -0.8008725347495765 -0.9805082853047804 -1.5255173321679465 -4.563375948150634 -2.3404652778531796 -4.564662245971069 -2.7125933177306267 -3.886673091317354 2.199813547913716 -3.561877210186113 1.5958012097308865 
-0.0857828806157567 -10.101837261451571 0.1323951730287741 -9.572884348404479 0.05259247885114031 -2.249353616709709 -0.43191048143410643 -0.6050365006926166 0.01198429266478693 -1.0835590296616011 -0.7750970532822392 -1.1187019527595434 -0.3586264335941518 -0.2350394820136534 0.7462072813960412 -0.6330557345243166 0.23182184749309986 
-0.6647064190332814 -8.703024729424687 -0.5133182094040205 10.185868172441282 -0.2318517149962975 -17.257180108663 -0.6402057083143097 -0.4862845818786512 -0.2547751838781057 -0.8969192939408697 -0.21139539899046228 -0.5695638761159882 -0.8980885941740878 -1.4248240401965862 0.9920584922412763 -0.39282753072594284 -0.26231489636214284 
2.2545181298886945 38.56697672633019 1.539363796128551 7.784189813744795 0.02304584197305654 -24.438390390804994 0.5006244549607286 1.4287140347204286 2.107431089423672 3.9851863015214506 1.801071983261701 5.165525546235422 1.2917547964382525 2.5903333514470623 -2.2412684798574007 2.540265924568304 -3.6948492649208613 

 1/13 100 3500 90000 
