30 7
06 220.000 2.0 1 1 3 1
09 150.000 1.5 11 2 2 1
15 32.000 1.4 2 3 1 1
03 125.000 1.5 1 4 2 1
13 61.000 2.0 1 5 2 1
14 79.000 1.8 1 6 2 1
08 182.000 1.8 1 7 2 1
08 81.000 1.6 1 8 4 1
82 120.000 1.1 1 8 3 3
91 60.000 1.1 1 9 2 1
83 90.000 1.5 1 10 5 2
80 20.000 1.5 1 8 5 2
82 10.000 1.5 1 12 6 2
86 22.000 1.5 1 10 5 2
74 10.000 1.2 1 8 2 4
78 46.834 1.5 1 10 5 2
90 5.678 1.5 1 8 2 2 
88 250.000 1.2 2 13 2 2
80 50.000 2.5 1 11 7 1
64 100.000 1.3 1 10 5 2
90 1.000 1.5 1 10 8 4
98 325.400 2.5 1 13 1 1
02 70.000 1.2 1 9 1 1 
05 188.000 2.0 5 12 8 1 
09 57.000 2.0 1 1 7 1
10 69.000 2.9 10 11 1 1 
11 112.000 4.0 7 14 4 1
12 123.000 1.4 2 15 7 1 
91 3.000 1.5 2 8 2 1 
08 104.000 1.6 1 16 7 1