8 15 

-2.8476264663123 -1.513035649509592 -3.8957392033078775 -5.799347654565769 -1.671478613705353 -4.255698451170225 13.321643835053832 10.251096126078584 -6.765817870404184 -5.942934353443331 -4.588723036515994 -4.694871393266509 -6.574005576789307 -7.211786959848718 -4.088320895929239 
6.8312299122065525 5.733345359935574 1.1798986180031028 7.677098576539452 -0.9471606291786208 31.683867405762822 42.49415038803244 -10.693087599152971 10.728851285490052 53.39129304052513 37.36610976244979 2.152887315781279 5.292346160340604 7.382770863832449 1.2317993442206077 
1.8211398061164357 0.5850173119003022 -5.540428004500212 4.115256792916044 -16.803171279636935 2.696733112879608 -67.74888055041438 -49.420609118893545 5.436531459876244 2.4786346021335026 0.6954651508692171 -3.5249542416649193 -0.6922153485087523 -1.7016691576253875 -2.2884124185841346 
5.529124903894283 4.822358433794927 0.2115405790703165 4.29262777529335 -0.4081192760127768 45.5578978537256 0.9624516324612724 -1.437441662815401 5.902836031393952 -7.44294002755833 57.87575491507174 0.9996107683195933 -0.8637239000678413 -1.1708161990855264 0.0865773322918851 
-6.135265991463123 -7.408348949537021 -0.4059500690977133 -2.2723346753139775 1.1015718263308985 15.09237232999334 -43.628973282672035 21.067277734495306 -2.8529394894421958 5.920531866736293 31.063041258169648 0.6320526068503934 -0.10927564168708424 -0.6009081204154618 0.7303787004258794 
2.823641946152281 2.204714381547042 -1.0579141168033404 0.47071402052117756 -1.995463386801645 28.486249310876033 -38.305338853054224 2.9650754590527177 1.8407373412898735 5.561323755121717 40.19392903296996 -0.5759422017728075 0.22425624751474213 0.21260535057322405 -0.004347368416954819 
-12.501490521518987 -12.858113015178898 0.5712153832552428 -5.019622609193945 2.5118564017951623 -38.40921064173872 4.408806780239846 5.48867080603025 -8.316447427917757 5.086913641012651 -37.466721480998075 0.49509301269571543 0.13605597067108582 -0.15026384985836452 1.0409349487522321 
0.3784153941008149 -0.32847233376052404 0.09299177788416543 0.20962956659874982 -0.22217474775994628 -0.21169668346881945 0.33141544897809727 -0.06553585232943569 0.16391745003458877 1.4190575216712358 0.31351766314244545 -0.3378797004163876 0.12972561949040587 -0.15525254513551567 0.062082544600754345 

 1 325.4 180 33599 
