50 8
47 27.7 2 2 3 3/3 4 1 
45.5 31 2 3 1 1/5 4 3 
69 41 2 1 5 3/4 1 2
70 42 2 1 5 4/4 1 3
64 35 2 1 5 3/4 1 3
62 40 2 2 5 5/5 3 2
58.5 41.9 2 2 6 1/5 3 2
47.7 29.7 2 2 6 1/9 2 2
57 37 2 3 6 6/9 3 3
100 86 2 2 6 4/9 4 2
50 30 2 1 4 5/13 4 1
65 39 2 2 3 4/9 3 2
69 39 2 2 3 4/9 3 2
63 39 2 2 3 3/9 3 2
63 40 2 2 3 3/9 3 2
22 18 2 2 6 6/6 2 2
44 38 2 3 1 2/5 3 2
49 35 2 2 6 1/3 1 2
55 33 2 1 4 4/5 3 1
63 40 2 2 3 3/9 3 2
51 27 2 3 7 5/9 4 2
63 37 2 1 5 7/8 5 2
53 38 2 1 4 11/13 4 1
55.2 41.1 2 3 2 5/5 3 2
55 32 2 3 2 1/13 5 2
60 38 2 3 2 3/9 5 2
53 30 2 3 7 8/16 5 2
58.9 36.6 2 3 7 3/5 4 2
31 17 2 3 7 4/5 3 2
150 135 2 2 3 7/12 4 2
45 27 2 2 3 1/9 4 2
45 30 2 2 3 9/9 5 2
66 40 2 2 3 7/9 4 2
65 38 2 3 1 3/9 4 2 
48 26 2 3 1 7/9 4 2
46 29 2 2 1 5/9 4 2
43 28 2 2 2 9/9 4 2
63 43.2 2 3 2 5/9 4 2
43.4 26.9 2 2 2 4/5 4 2
47 27 2 3 3 7/9 4 2
50 31 2 3 2 2/4 1 2
35 20 1 3 2 1 5 2
57.2 36.6 2 3 2 3/9 4 2
44 30 2 1 4 3/5 3 1
47 27 2 1 4 4/5 3 1
43 30 2 1 4 1/5 3 1
71 51 2 1 4 5/5 3 1
31 18 2 1 4 1/5 3 1
46 32 2 1 4 1/5 3 1
46 35 2 1 4 3/5 3 1