6 11 

1.2018621512272614 -5.4255722696895905 4.1042883535484895 33.84428580231919 6.297710566466607 27.521551366111055 -6.74948860783197 -39.47395186761672 16.21390334944681 -13.108025623732484 14.970785832338823 
-16.161179452006593 -8.765706053402333 -1.4493110402500977 -61.470171483092315 -21.80525552240369 -4.89068147673874 -12.17524893829368 -18.007777947464508 -25.205863686755887 9.457309636382847 71.47790978059604 
-48.99532344011554 -11.266151746841405 5.389802872940228 -148.56724798039627 -63.617738009844736 -39.35330464687149 -10.525261264277516 155.70511450455595 -93.73419532963752 -226.4306343075833 176.134723338165 
-3.659944251965098 0.39009382592820635 -55.6359481363684 -31.07785970389049 -5.45439080132541 18.95541436351999 -18.797612998163615 109.87335730278872 -52.170212573294634 -61.740986579501175 -18.768941967467416 
-0.1781829708062853 -25.258183251253524 -2.0550352194432655 -28.37850511350552 -8.967750058752335 -45.718428406755336 11.483053758132476 -16.382023318227773 24.27855552765152 55.98143836382261 -70.2857263428755 
7.84040238617211 21.835678045249768 14.965091966908293 60.61054256907021 8.880375409591853 6.661527486974314 -19.655607321829464 -27.145202143706566 17.64682240370086 -14.802988514510924 0.4647426315339284 

 0.42 5 1 4 
