Рост(число)
Вес(число)
Группа крови: 1,2,3,4.
цвет волос: блондин-1, шатен-2, брюнет-3, русый-4, рыжий-5.
тип волос: прямые-1, вьющиеся-2.
цвет глаз: голубые-1, зеленые-2, карие-3,серый-4.

Пример:175 60 2 2 1 3.
1.78 0.63 2 1 1
1.73 0.90 2 2 2
1.75 0.71 2 4 1
1.76 0.75 2 3 1
1.65 0.58 2 4 1









175 60 2 2 1 3
180 66 2 3 1 1
172 54 2 3 1 3
157 50 2 5 2 2
167 54 1 4 1 2
173 53 2 1 2 1
165 56 2 4 2 4
190 73 1 4 1 2
175 69 2 4 4 4
170 46 3 4 2 3
169 51 2 4 1 2
176 42 3 3 1 2
185 82 2 3 1 3
178 63 2 1 1 2
170 52 2 3 1 3
163 48 4 3 1 2
168 57 1 4 1 2
170 56 3 4 2 1
163 50 2 1 2 1
178 60 2 3 1 3
175 65 1 4 2 1
171 55 2 2 1 1
165 52 2 4 2 1
177 55 1 4 1 4
174 57 2 4 2 4                    25
176 69 2 1 1 2
172 60 1 2 2 1
165 44 3 3 2 4
169 55 1 4 1 1


