101 18 

-0.9258848860061633 0.10093478267090678 -1.0161708394520645 -1.4132815917038672 -0.8955111455587889 -0.564368708442652 1.2841585651035792 -0.5235083363493682 -1.616050196758244 0.03715235794502627 -1.12313642598243 -0.5954787712982046 -0.7255623361739783 -0.595123234774787 -1.0280947989074898 -0.4411104934878316 -1.1770181230972976 -0.5205977067518558 
0.3343433463089673 -0.00039475250719071093 0.2783393300566068 -0.29509868956563046 -0.09022475304183682 -0.01052158020802719 0.11016847803823594 -0.04723189468962465 -0.44904761949713734 -0.36785289169558083 -0.1093555288442685 0.10033580564941234 -0.07091430780545838 0.16643297105051444 -0.528302941098931 -0.34294138647814093 -0.0333624562799976 0.0027313434635025677 
-0.004649478025412292 -0.512335283022174 -0.9553303317765227 -0.29131496812186264 -0.18210393392697466 -0.24520013004529295 -0.1950803358122984 -0.19127540994864883 -0.5659740611656159 -0.34389262767254164 -1.0322867012824508 -0.21791103535104173 -0.5882999653397412 -0.5432042591032248 -0.5231833194872393 -0.5305976069993789 -0.24027696634703036 -0.1915071663197796 
-0.642909805555735 -0.6172322181366096 0.1166192370961403 0.03157934742264643 -0.5929001146563366 0.07030763743276461 0.9299018463738314 0.04250622523681634 -0.3197734329479637 0.0761104793593168 -0.4453477395486528 -0.5337710530635828 -0.5113241255002063 0.062133515675084836 -0.6374258140572693 -0.42300929977768337 -0.7464747838041816 -0.30391747539113834 
0.36757770891866964 -0.5825983261913068 0.15980859095403313 -0.1095779374950123 -0.19202040211761984 -0.0203831825505894 -0.017997975896164264 -0.22356899942071962 -0.7856090171645972 -0.10442967420195691 -0.4259148458214413 0.14535142246221378 -0.23646481858561433 -0.7226907352485579 0.05388457973896101 0.06515251500243263 -0.48526756401572047 -0.42371228189584353 
-0.23106949979975502 -0.3586519140177455 -0.4705020452424345 -1.08961796162578 -0.8745637339096188 -0.7466175279390024 0.3143751994441542 -0.22204156092410163 -1.595811647162826 -0.3329707689078382 -0.5995342265085148 -0.23511729103509535 -0.9882790066603602 -0.48616164455327376 -0.6889232172665423 -0.18922805495031525 -0.817144795565679 -0.599060124826364 
-0.23345715072043255 -0.5568654822415708 -0.6325818443177197 -0.5912657770406206 0.037843992073253986 -0.04375972549248131 0.6633680208672598 0.1717564843386468 -1.0955564916046499 -0.5787082922118474 -0.9371446548861221 -0.702126240969781 -0.35724946024303894 -0.6343769937473808 -1.1298605457920357 -0.7676140260628442 -0.8737310977654367 -0.323070971485485 
-0.09285422707143737 0.3371713106692729 -0.26871044880913153 -0.2653664165459058 -0.6818286670901457 -0.31126961545866894 0.4444950942570739 -0.08207041512218252 -0.41528143616305535 -0.1767332244167577 -0.30633137342199995 -0.3439954300226471 -0.5274997737449187 -0.5310806157375905 -0.8250440807042786 -0.37508293965482614 -0.6262487226975271 -0.3371812047850568 
-0.14580742486738127 -0.31182568214157236 -0.5361997914407678 -0.5588311739054853 -0.38627879487317107 0.23386641759000534 0.7127258048454455 -0.040358153133840044 -0.31693360889502975 -0.010625082742424146 -1.0559115550584723 -0.4176293727889825 0.0062217810269456246 -0.17562172145938273 -0.414298247007596 -0.5118282369548107 -0.7748714787705863 -0.28271031914562417 
-0.7500638901381459 0.04460096872380513 0.2166040613541211 -0.6642604880341971 -0.12317641628529198 0.199092621156311 0.7550875112291873 -0.09010083579562712 -0.46778523117841353 0.046443297275536664 -0.1579649618693242 -0.42909480104857883 -0.4549936907744674 -0.29963939718380433 -0.32632261331907514 -0.7275538028127407 -0.5680890127126539 -0.1515192197250842 
0.09482049986448535 -0.472391136141249 -0.44750420638652666 -0.32296574047436594 -0.2437094797774738 -0.7009149015768671 0.4628018720920337 -0.04893303446939247 -0.5039879538481168 0.41080680329126745 -0.4941288646758008 0.07315579840641795 -0.5967131059405788 -0.5383423062368071 -0.962417835843523 -0.6557099490259315 -0.3741885857984176 -0.2168034950289653 
-0.30285038851579654 -0.3135494552094801 -0.17853369119026197 -0.7716981069802779 0.02055494435097501 -0.5199835615327545 0.5550862089592576 0.08612642201688064 -0.5725466586569993 -0.15485842233127242 -0.2019344577511342 0.05169237403812054 -0.7414278921311177 -0.6406729602092921 -0.38496844072005654 -0.08227677479794579 -0.6693605640235435 -0.6297328415474736 
-0.4916494960764814 -0.13638774275679882 0.24286104724459417 -0.4992544228758174 -0.22511026817601254 -0.24833583827851302 0.6647449743207142 -0.16731175172415158 0.054234302432802056 0.277557228821898 -0.8304501693167774 -0.2921445396311429 -0.3569481764465172 -0.7705926844583666 -0.46248734890960086 -0.4800952783697277 -0.21545947816769262 -0.32395816710319203 
-0.7271145968090861 -0.5167459246719178 -0.3884572736311607 -0.9907726165737992 -0.1551168244477358 -0.9084628437484493 1.1127022810166654 -0.44834319469199496 -1.1609880166203956 -0.4112755366579313 -0.3986593713742529 0.1539773714384386 -1.019931937023863 -0.33533859973836433 -0.7534208061110266 -0.6108413405709935 -0.32669479471166457 -0.8208113779000859 
-0.30541128796230554 -0.1917566272702051 -1.0634974278616105 -0.6535274098044315 -0.13084424164209824 -0.3047218506385615 -0.2647788955934019 0.07238206588208251 -0.4245399982853863 -0.4352671377367687 -0.5272220229085644 -0.5342176659786634 -0.7983064910047862 -0.5215840405533457 -0.19480670114705628 -0.21699246646381612 -0.2963779050474937 -0.7002446485057238 
0.31836203267067176 0.12735300114776688 -0.7380202498929084 -0.22268562222438337 -0.4623536554023794 -0.8855266175487885 0.14028662006082665 0.13131788975152014 -0.33869820271602685 0.16847855959984384 -0.6876269459020614 -0.5038632170407184 -0.36162745645182953 -0.31334391013315893 -0.6509192186445466 -0.22293209222892257 -0.35265404804610956 -0.39677849742294785 
0.08394886973252211 -0.5612680085667865 -0.37729757372543526 -0.4079087588116648 -0.2722534267027511 0.07553593591690458 0.39328031514243894 -0.29391606298972617 -0.8675794069538968 -0.037652068753857196 -0.14245508314199842 0.2407035130864532 -0.5494199270020883 -0.8619697002462726 -0.16078664955292796 -0.10717385431839219 -0.31153323021147333 0.10582435205963726 
0.06736513354403843 -0.18650715146535546 -0.26600034655681204 -0.36651766475327635 -0.08021813319783208 -0.14840965426646255 -0.23162289337850567 0.07185096770327218 -0.4241967155665511 -0.3381301674976374 -0.07212329844950619 -0.3423007329469788 -0.42949394296726295 0.2868089466548724 0.20265592795159698 -0.46451004279488883 -0.5033764557862266 -0.339135889577979 
-0.28192646687079526 -0.24338009294307456 -0.5426463978660274 -0.611295252299204 0.06278420942947967 0.29597485594418765 -0.12969979066931886 -0.1119884925722584 -0.6707683821687247 0.18649444870941154 0.0913599346411825 0.09661983206638453 -0.34039545599925014 -0.3088724948327091 -0.1987853884443055 -0.6318944749144594 -0.2928021572934433 -0.2705475992318101 
-0.8173661431113566 -0.25907543651425685 -0.6859264797740176 -1.1759907572141792 -0.7791154563425848 -0.8450625159803876 0.4596686911415584 -0.5103867559007098 -1.2640767853752297 -0.42050122798066036 -1.0146942461164332 -0.39503738873459937 -0.9296701544522938 -0.08884336356311759 -0.7068031556508352 -0.7461086172840571 -0.6964739797923965 -0.6493532465869547 
-0.7575639707838199 -0.17659448729403635 -0.21141645876155404 -0.9466171681678933 -0.4934614077623348 -0.21709535197377786 0.688598074607855 -0.4279937008981567 -0.2326125777248571 -0.5060638622794674 -0.7741370794564687 0.28322984484346186 -0.5569619502645298 -0.8204165069777705 -0.4877396158785315 -0.06685863691591791 -0.2026535444668447 -0.6593169081842778 
0.37617366799605967 0.1835438571256747 -0.0937370851839887 0.34269335340071244 0.336112466547137 -0.013330203713338564 -0.4682738820717057 0.33036827227965776 0.3288551989634183 -0.14090418795468898 -0.13615631295903105 0.17258985521996928 0.17985264351767494 0.1985122701723845 -0.2098697616078791 0.4062271264925783 0.36829560466407124 -0.5586183183499115 
-0.3071522403338631 0.37232574306757 -0.5212163363481137 -0.2936168458103868 -0.3803574159357356 0.2813367757586988 -0.391505113109252 0.12070101074320395 -0.07878035571863536 -0.3500946232914273 -0.11484049118055577 -0.447109032845523 0.02436474615550578 -0.7056292982679581 -0.28819440153072007 -0.04040693419998086 0.12478740784029764 0.1971543453505912 
-0.4238845209986 -0.29209932937388416 0.1398734723774417 0.06053642379007732 -0.1551157539138721 -0.14205634943783144 -0.19979348506357744 0.29732058692575464 0.32016695944668516 0.37037471743321115 0.26701157838507583 0.38307563485460455 -0.5935419225310782 0.3272561644120571 -0.07354319158684941 -0.19545781307132054 -0.2071729189606579 0.061818442111559596 
-0.5876082650396284 -0.6663370528264895 -0.19519662418287542 -0.5735460173537302 -0.7209230464079546 -0.17266466783543213 1.0317318893488558 -0.10182243624598065 -1.0582845750137884 -0.5436176247622437 -0.5662091269126108 0.2872026635437754 -1.06235572211596 -0.4260271480496097 -1.0166466488182282 -0.6807770878517042 -0.8899006191353915 -0.6357008003803284 
-0.6030421818494857 -0.23030346222174353 -0.8366920346127326 -0.9191086927635119 -0.7488339435325043 -0.7605264952430455 0.6246919327981947 -0.15031510653176886 -0.8261348810666073 -0.5269239173093905 -0.8414753858464793 0.10366160531587143 -0.1294932885431781 -0.7429057856535412 -0.347572204522939 -0.9120092062035887 -0.3524306604250565 -0.9336252505897845 
-0.22302786122953572 -0.552184080401431 -0.33505435163473296 -0.4678538894007567 -0.8817826057300814 -0.49440137699504777 -0.24982827499777707 -0.6510880011431627 -0.4300504821879799 0.21004592385981544 -1.1049582260526016 -0.0007291347785971233 -1.0028597074225492 -0.21285262579573083 -0.5101922504617554 -0.16503601385481415 -0.9792891659727533 -0.6853773896081393 
-0.5572323976007323 -0.627777828652571 -0.9268946297984998 -1.2894710611236637 -0.2500724577815828 -0.4283400624676332 0.7104080322199757 0.12552853262844957 -0.6080852042428097 -0.32417531622563034 -1.3021856652354564 -0.50995170118862 -0.6782612612091526 -0.215358305775759 -1.1898684094224092 -0.7127342603973396 -0.5118931530082357 -0.17603093001122586 
-0.6694483117150486 0.33792408903625604 -0.2713575702555096 0.05235727604285473 -0.4375180880800016 -0.5722859803627308 0.5254758404583655 0.33332376633730054 -0.44038649602925234 0.20910310954309333 -0.7648740888919198 -0.5171917580151849 -0.314306419394197 -0.7278919692108142 -0.7891128571190739 -0.043496998001253145 0.014789510086560586 -0.31400488767547574 
-0.32760369374277304 -0.027051512770804958 0.04091478297694176 -0.1857339206040269 -0.13812884023722627 -0.7005978032883312 -0.022839881618743695 0.21662054647814433 -0.5196810012116039 -0.0755290208038424 -0.863093173449472 0.1376031291289506 -0.42761012573409884 -0.4394388654026684 -0.4442636278016827 -0.3558171108618264 -0.41393812413493697 -0.25763137890698257 
-0.6318406664915889 -0.16326689176393547 -0.719746376149502 -0.8680204268302029 -0.46866204003529954 -0.5461806974267147 1.2593919035137007 -0.515212849609959 -1.223956327279798 0.23844542425904594 -0.9285466072381161 0.1357972393529872 -1.0145003919391777 -0.7866801575047181 -0.9118654179643547 -0.7521689921716319 -0.6891101708413577 -0.3264656645549012 
-0.4850757954154115 -0.6916301062736991 -0.8529927930124766 -0.4578667621117867 -0.24892164858205063 -0.6247336452271776 0.32161156224529397 -0.6716443132851794 -0.5368687274466396 0.0818364063976122 -0.6381068473831492 -0.5200242553491032 -0.9564453970413228 -0.10700531721922671 -1.257087500355615 -0.16844762498758814 -1.0827968439636249 -0.7116390910868903 
-0.8924092010633256 -0.1798361192002762 -1.158874270110494 -0.6870099902664925 -0.7697343823526572 -0.22100970964201638 0.8144509266610948 -0.4681321076349616 -0.9334520703495706 -0.652341724607806 -1.208934264743031 -0.07974056361378261 -0.17183359083241634 -0.5849196477623041 -0.4195531541142201 -0.37301304662706675 -0.7373000272688305 -0.5956425870422839 
0.1749698126600473 -0.4853495772818586 -1.1235458358995434 -0.19186744036943387 -0.25793105610540323 -0.29835181717522735 0.241702942304933 -0.5710800506532171 -0.5015065670219296 -0.12816687197134252 -0.18203896833238484 -0.026922287031696402 -0.5592583684758646 0.0013900745947061244 -0.7407048043605988 -0.27349409086799853 -0.8012702235539955 -0.641276208821964 
-0.7172141937311012 -0.6019885093962962 -0.3706871627720615 -0.50405855159065 -0.3611613516397822 -0.406667909692964 0.6270652427375936 -0.46834160398702435 -0.543515990496383 -0.2009059592524021 -0.45259075576349733 0.1417848006938403 -0.03303124365963039 -0.6573935100500464 -0.3607626089934855 -0.59135814938972 -0.874041064555568 0.06249957129091338 
0.38022842103306703 0.25229036605328153 0.22700568276171632 -0.1950425937138815 -0.02518122539088235 -0.17002058237212606 -0.3339790087646679 -0.3123290958823115 -0.3769214548406522 -0.006383086735333885 0.07530379498691434 -0.48743509686045 0.1492712076509516 -0.619461848422874 0.10492035050544371 0.07755780237495809 0.23057629540081226 0.22824215133272208 
0.03221967743541593 -0.24383207179643723 -0.31241184616657625 -0.04584429591868742 0.19903059983248234 0.06424852576362075 0.4898106408119564 0.03572865423306432 -0.28688779986379837 0.20664162089223292 -0.9082405857050716 -0.58271748888333 0.019638549560231942 -0.21169431757033064 -0.13910207618894466 -0.4844090516664803 -0.6403620214329879 -0.6883069720465895 
-0.07321499391480116 0.09808827748094358 -1.1413066401259677 -1.2614300889850334 -0.29261179901992046 -0.10031775338308335 0.39569929367477874 0.004919210769884334 -0.6593258350488648 0.02214522901488527 -0.552465751115897 -0.4594639385859506 -0.2166477270993596 -0.7874020292360608 -0.4620265497199668 -0.41538742931653283 -0.6119565679755284 -0.977752135527575 
0.2387121750046303 -0.5901289591532172 -0.32095699659215315 -0.1432174912242643 -0.4990001772576043 -0.6438014134333543 -0.1882208338744456 0.06404296449487935 -0.6038976540162349 -0.05680448717665243 -0.7329234454741335 -0.1818268354470194 -0.1368638915286602 -0.7427328682997579 -0.17970931595355424 -0.5305327517567041 -0.2114200482448211 -0.2651274680976483 
-0.46801339661729513 -0.039374728004052825 -0.6886914767234781 -0.727052855264242 0.08014098890657534 -0.13294558039800547 0.8242981267583202 -0.462502992527638 -1.0344384672390219 -0.5665110195544051 -0.2765586874964432 -0.3479144742355211 -0.2662275951612262 -0.8400873414443778 -0.9154782434380514 -0.3794515334892142 -0.10443938258134441 -0.47277330799652756 
-0.19213655763755336 -0.3861352447996258 -0.46644470748595407 -0.692107451991287 -0.14132324430413 -0.13893588494306136 0.35971980937423875 0.18583526298356437 -0.4786157070537576 0.09672250304889327 -0.21689457537718435 -0.10659326481137626 -0.7961911546587861 -0.6402215749790259 -0.6648055313963159 0.14754503216524523 -0.15085026097736542 -0.04499748800458392 
-0.45874046527799706 -0.13791302768207261 0.031754452302113934 -0.43791567790018143 -0.03393659669461982 0.2658373696825441 -0.26628878159790265 -0.26009469734785884 -0.2855990204309712 -0.4526797760691108 -0.29838242577923035 -0.2342534338110514 -0.5842561243942055 -0.1816444524042967 -0.019655522541451476 -0.3178428668071142 -0.4224874841498345 0.08246673210032221 
-0.17698931822794506 -0.6393964264721257 -0.22952772978492175 -0.5208831152608447 0.09632420609976275 -0.706381925477276 1.3071136398487442 -0.629436293059227 -0.5772049893749269 -0.5850823302808333 -1.0495661508130718 -0.017349659915879903 -0.4446578496510253 -0.746938022751908 -0.9358940688677546 -0.8393909344318574 -0.6031438767903233 0.0046188703987471175 
-0.34656305671485155 0.11783601823424973 -0.34751548800689 -0.6004454323866082 -0.2935634418987267 -0.4227739171403808 0.5381612796946991 0.23305030210970723 -0.6339930769800086 0.3960919098729548 -0.029155142514605274 -0.40964958327294454 -0.6612267763969304 0.020102380766205574 -0.5269732175518176 -0.35162871777917204 -0.03397487630010572 -0.030581172857832118 
-0.44211581470621936 -0.49936030158566497 -0.8032796536611757 -0.6995585289512292 -0.7570921997578198 -0.8079670523690045 0.565260009014983 0.2584691892419252 -0.6037754731489446 0.1797010435236629 -0.883069606146565 0.026171798578073783 -0.4211557448059207 -0.23007367598707726 -1.0023946513964483 -1.0570065530581818 -0.18563281088069727 -0.5150949600858509 
-0.5287264313370624 -0.17964369621570367 -0.22364810641560554 -0.7166625219478789 -0.3419986495193365 -0.6143584750583325 0.7244239931424814 0.23421584279007218 -1.014426640775782 -0.6537076715522247 -0.29746956872726 -0.284412193133491 -0.30403924614164285 -0.46559577251491513 -1.0911792487386625 -0.8647641167448403 -0.6037178388006379 -0.7520006395905722 
0.10231300050997384 -0.15419846315605132 -0.11271700963191754 -0.7904198812820297 -0.7274558341197394 0.08136353365211589 0.30275816202804295 -0.4597541502144827 -0.34831717782269866 -0.42679835291160456 -0.8457599441063667 0.09732986605737456 -0.16052524160404452 -0.6200420202623914 -0.22494485128006253 -0.5069929282096956 0.014090513919581894 -0.3673737541744983 
0.0796799862798385 -0.049763712910716455 -0.599729003302321 0.17169637780817326 0.06036492318215226 -0.12939355780332892 0.11634648312111165 -0.22231108244969508 -0.15412888722580884 -0.22804701795304497 0.032292543120323 -0.42014300442213076 0.0046227654216974366 0.07077628110521848 -0.3977236533704159 -0.07335703964357136 -0.13985556458853357 -0.5392050529613069 
0.45552224519338125 -0.3125748646809127 -0.8642861100315664 -0.940546824134913 -0.5977723073685193 0.19641355934104696 -0.1281816421650059 -0.015822227707259988 -0.277525797774489 -0.2913685603732167 -0.6738746021900316 -0.35149472410471666 -0.10438576549205064 -0.5281330601989532 -0.044768616678301634 -0.535938688245794 -0.11734781836270011 0.13987498411937047 
-0.2067487494556647 -0.4426291079660988 -0.39921649007365057 -1.1389237679824915 -0.040738117048302644 -0.9681744109606599 0.6056783127046607 -0.30011909896881506 -0.6493854299176403 -0.5769457233185082 -0.6653608028494348 -0.5614448093658052 -0.9648303074117745 -0.9056112621850051 -0.8525022366135689 -0.9150763416129062 -0.6488865068930094 -1.0159738806123568 
0.2036064331349529 -0.24396722688001726 0.1400683499937835 -0.5833690533311474 -0.022227223629502607 -0.3962517634829331 -0.1390111892717058 0.10009046195377418 -1.0106509167126843 -0.21807582095134145 -0.9607447060317333 0.07809003361711982 -0.11213816579027992 -0.0396521603990981 -0.6253589113142618 -0.061166760456093726 -0.09459404311055589 -0.39449262867070706 
0.4289195056871487 0.36484308955708666 -0.12738221816397066 -0.5708591854339241 0.13929267751931448 -0.09289748348333066 -0.1729376964685235 -0.16122969443865512 -0.25816101616997855 -0.07731330550113165 -0.23305816352538347 0.4094430895470629 -0.33395593976032906 0.0798277063172956 0.06521402440450844 -0.11309236933719119 0.053700094154521566 -0.28522941248315153 
-0.8713018066202087 -0.6616038958589341 -0.6245011783823223 -1.0904257126436665 -0.5772308078433829 -0.7214499737463477 1.0620377656493887 -0.5446639269976744 -0.9818847351628776 0.25832210630603136 -0.42937274629575317 -0.717273883552895 -0.7929793544105934 -0.48153238088086225 -1.2639380500506365 -0.7934902270937481 -0.20485994306680122 -1.020698914111632 
0.029415096403249314 0.39787125945123375 -0.19344895062497605 -0.2058713063894002 -0.4000590767759311 -0.35315141506823816 0.19639782099064645 0.11474351224715228 0.09344171517134838 -0.22386718723592655 -0.2013325522761588 0.33531402840049873 0.05920208222832856 -0.45157302814531297 0.11232212694466027 0.32379538157360116 -0.585161876693229 0.015618367460500491 
0.20554733942462552 -0.10667490637873797 0.020698617279525364 -0.12307553635326404 -0.18689546867988846 0.053225633061257424 0.2925274941603922 0.06750864771568892 0.02803100544223883 0.33901045389368745 -0.11506463071815626 0.19020077795887316 -0.42182584329292566 -0.10982217364372883 -0.4540873338896723 -0.6740571548686457 -0.06868594746417255 -0.22040157486936565 
0.16395702334769474 -0.3538547351243691 -0.7598733880896511 -0.14462907222757349 0.01703084291458157 -0.15106069813782194 -0.3778767399839651 0.05751067681251447 -0.3521376284529767 -0.5535339244561897 -0.2457248174853149 -0.3762385380340702 -0.33131939750014683 -0.6228590050814683 -0.4970820904692085 0.04679316163139948 0.2775241729360689 0.03155377060204325 
-0.45584404402509887 -0.5098673574046762 -0.14790609092836446 -0.40673511810486135 -0.34201582117946905 -0.6117758374701857 0.224986942083551 0.3446970630195225 0.03809830006121023 0.37853279341986845 -0.8128848462375878 -0.35983903759088026 -0.3469505912108678 0.03576439011858683 -0.426054382235084 -0.6590377645969459 0.013633692577853808 0.20646389783375385 
-0.13253957642947195 -0.4465790124871479 -0.5264340386207199 0.04822429356218399 -0.12370715392635301 0.1045203858711943 0.08155793133256031 -0.045573075879885475 -0.9390640371953712 -0.1719144894182646 -0.3355850437098295 -0.18328827776634832 -0.10623433796262756 0.14456502950233927 -0.3224651166147965 -0.5351361188882204 0.08268832532109038 -0.028685951526722157 
0.11512961608522636 -0.08564946155802276 -0.013531351068619241 -0.7389347353182727 -0.4011782182566561 0.07975430655176483 -0.26368473960076716 -0.27812877612457415 -0.5127287767524575 0.4230954337282054 -0.13799569278202814 -0.1902558358908886 0.09680076736468607 0.23215138490058368 -0.31917215465377347 -0.009277067476001145 -0.20527951219445362 0.1284440228521944 
0.011034817260207355 0.029670936598905576 -0.2276653446844594 -0.5694869255387254 0.36744492488646774 0.26359772995749337 0.32383614438017594 -0.34686488346827415 -0.06320595673543292 -0.3737171148412669 -0.04171372153817863 -0.27240661704866126 -0.577536243790402 0.41722758492305634 -0.06920778946077004 0.11114688192257483 0.23805030306051575 -0.22684180140551136 
-0.37893732950136993 0.10312193304115491 0.09390203213128608 -0.4213973899576782 -0.718077412670243 -0.5184770776036193 -0.17194269138679433 0.023617123894707003 0.08648283404908025 0.36478126134996713 -0.14884569062759911 0.3166360646122104 0.14765364128359482 -0.13884888197924397 -0.4905585996278895 -0.603300845645846 0.09558418903319194 -0.18865364536079074 
-0.6930411819910293 0.1697700099565157 -1.0315606742930408 -0.6564225855898146 -0.31844248491534327 -0.02316182786326124 0.377606372597191 -0.5893985908832489 -0.38347082844066643 -0.2053437015431761 -1.2138565919490165 -0.24505569568676355 -0.7103654062472283 -0.41127145942326165 -1.0021285938332565 -0.1609004911698967 -0.6723599293220606 -0.4255094559388815 
-0.4611514412007441 -0.3240350322895434 -0.06367722529746918 -0.5748208540250562 0.23432184464636419 0.3301436999503853 0.227325073608695 -0.04589442543823402 -0.33996389111297165 -0.46244656549045193 -0.471767052472891 -0.41637249381004854 0.1451833025285897 -0.06531049061647637 -0.3120611765971974 -0.031601731627059544 -0.29485665266289335 -0.017198575554645865 
-0.28311873937152454 0.12835141896704114 -0.632986327809307 -0.017084369201803378 -0.12514435174577546 -0.26977828568787476 0.7491132160583931 -0.22850529895789315 -0.37403725950360434 -0.20974933065679252 -1.0082115416266304 0.16286719977284128 -0.4837495343092658 -0.7089145692969213 -0.5919085393928134 -0.43776163759806414 -0.7317117921915906 -0.8180562424732336 
0.27632063706306403 0.2971653013996066 -0.5601284757915901 -0.2865879787362257 -0.7824462651862183 0.050875679668331106 0.3546161205112795 -0.24203140298267342 -0.3147834173170552 -0.30857261640402234 -0.9122531692819557 -0.5640486876319196 0.05832272039538244 -0.5528483076810875 -0.4469182937244524 -0.39176387245477245 -0.2324530079599005 -0.43404034719688406 
-0.9726902836107767 -0.5471872712594397 -0.7988735535586776 -0.7777011301417202 -0.7305075055870609 -0.6155451307533627 0.43562210291033526 -0.22988154830070032 -0.3438313546164818 -0.1327169877560445 -0.7369869246351646 -0.08467510949810693 -0.38875982682658533 -0.5025667121631078 -1.033615313715016 -0.33886154355028464 -0.002436006191472025 -0.8429105532813555 
0.06863510231881333 0.25549288235980383 -0.30973516395634065 -1.213388458914586 -0.6953488422002734 -0.5377311078629078 0.8342710462073139 -0.3185766447885788 -0.9475325641522449 -0.03367606846295114 -1.2433217746617138 -0.5272784258008223 -0.5403311512133795 -0.5725456023876901 -0.3177218193637841 -0.7478348543656348 -0.14933737031541683 -0.922416321079284 
-0.8839285854082937 0.18145003439694443 -0.462495344957501 -0.38663318257121293 -0.30781032441981054 -0.7044576612149108 1.1863494839230713 -0.5408725349195277 -0.9268735631671768 -0.6531631912722379 -0.9420001938841701 -0.6330407511281174 -0.8338665674143484 -0.5405540752453018 -0.42359116458946144 -0.7364623537748902 -1.0353911917071894 -0.7436007742467736 
0.3365203460489672 -0.033767999456796774 -0.10887348576404035 0.0866828376849239 -0.10918198290576904 -0.10430219137232216 0.033777690995379486 0.1569533822088372 -0.7214912693493157 0.07197456449719004 -0.10100771077105367 -0.11950127253175953 0.11004426727727765 0.03532298663058492 -0.16628688303840797 0.24378539989719678 -0.12328268975849929 -0.3765891175333822 
-0.057629450581584675 0.16118074217604422 -0.565921274357698 -0.17122745687327323 -0.6042761461921041 0.1109024455721379 1.118552052739571 -0.641259409351905 -0.6745338444241162 -0.045520184302437025 -0.5661048772626323 0.007480392832405289 -0.007145792518671623 -0.09476394525068531 -0.560525198168899 -0.35198240669267655 -0.6835696019185987 -0.7161293113140782 
-0.39708299111767514 -0.5868571295692189 -0.677406699154727 -0.1794859427875084 0.10723884507526496 -0.6132855920578256 1.1275563725436994 -0.5676960928594512 -0.8319964989715772 -0.5616282455218518 -0.3052447219655803 0.0243591340783346 -0.8286910928018257 -0.77877718363452 -0.9174373817781305 -0.27860722221301026 -0.7233135606708181 -0.06622513078037433 
-0.5617096125153114 -0.3793851432689529 -0.6727218866463719 -0.4224931028149856 -0.6112640357535049 -0.1780032314053144 1.0508497536659864 -0.5867055064853421 -1.3067088244093612 -0.1855859603170563 -0.8662032704168656 0.16466728680199785 -0.43801180627438624 -1.0665064882611026 -1.1817947702002358 -0.5635856769835873 -0.6500938342969711 -0.07845217685665445 
-0.8445773643507039 -0.31460172586055396 -0.4574386462820321 -0.47268462353520624 -0.6944367379598294 -0.16510174994292967 0.776688961962392 -0.21010263081676092 -1.281630965189368 -0.17398415143249235 -0.7499235161351249 -0.024461287956661814 -0.3761248665887305 -0.955920385066695 -1.1490839729583893 -0.8204914189882445 -0.772983645292606 -1.1055566392824576 
0.20206429173784582 -0.0629301980783479 -0.7534018962177113 -0.09395249395335464 -0.09073451503785543 -0.5125559351411924 -0.5239560427178958 -0.3630820345979337 -0.29005667053608436 -0.4268407470440928 -0.4419995963867109 -0.5152075752438816 -0.2941915056187133 -0.3484288507711513 -0.09790319273125289 -0.0853403308546733 -0.03541518094545865 -0.09826788901284772 
-0.30445689838562356 0.2556662385597271 0.4082167335693386 -0.36881512536237365 -0.41503822664477075 0.10590879389023078 0.3542086129305454 0.2597931695625867 -0.7586687336003257 -0.3469623860117332 -0.562015970309204 -0.41129726888450807 -0.2635689138056255 -0.3864125347175482 -0.43133250116238525 -0.6013294127196218 -0.19595948023499454 -0.7935815194397752 
0.12668028316270835 -0.04805345406485485 0.0969844853366401 0.039233069740922104 0.007427811924651319 -0.23489919754971594 -0.15995414505902839 0.15210774988371792 0.18764633211334003 -0.2585989828970785 -0.4469161743434673 -0.15075545129814283 -0.2207514292211196 0.06860531918960744 -0.6361834629025607 -0.5338099185944947 -0.3902921284048821 0.3509691707667192 
0.23863935692133645 -0.4087163321952842 -0.6996640553715923 -0.49981731609986557 -0.023767357501041152 -0.657933298177994 0.1701087671030193 -0.38532521737583986 -0.48465104340395526 -0.009155316039826101 -0.1861472605470815 -0.2535390947273109 -0.437664285888909 -0.1768375843907146 -0.3226894892406668 -0.4445771211991007 -0.14652767703908315 -0.571026866534053 
-0.392490944185141 -0.07565686547548807 -0.9463023115740584 -0.9230399031669061 -0.44806294683205355 0.07305695374855523 -0.2446586067987466 -0.6248172285107235 -0.7574197820971794 0.1651037042325289 -0.7777909501945235 -0.041770600138129756 -0.2697027847147706 -0.557034447355093 -0.5208491737020303 -0.19673475152136888 -0.8347096079299807 0.07258234814868149 
-0.8826990331269535 -0.043555480344841024 -0.14615444183839058 0.16393856423586176 -0.140190889737383 -0.2280627185907059 0.34630943750957943 -0.0963743715074279 -0.9257591879837395 0.29528070604772416 -0.8527621805573352 -0.6035317949138475 0.0962363671469526 -0.6948918754135697 -0.7837565364636179 -0.5347585500543648 -0.027930613673727685 -0.2736290624983238 
0.20470362689038077 0.18084318370736738 -1.2705800558052163 -0.625877126667202 0.014973444231191037 -0.24064796699903088 -0.2072610106526718 -0.04397547547628025 -1.3542818747833911 -0.5552050882044471 -0.7983987922035106 0.2597170623275609 -0.5650436287632864 -0.5826109442248665 -1.2867763927688274 -0.30865243871727643 -0.6178357721208821 -0.3794622774437649 
0.22598869972254473 0.08415505992746979 -0.07392636991796459 -0.28721950613759 0.11441008159408257 -0.10934982562044444 0.5303613272569818 -0.08967078776697957 -0.9111467734655842 -0.24693205890903305 -1.1316119389404258 -0.37418984540246386 -0.3981891391729596 -0.9028409296790448 -0.4145282812320278 -0.028513124182955506 -0.6133065559961427 -0.5730918070869656 
0.452956671582244 -0.21758253324571858 0.20481722661562626 -0.4699582233170027 -0.4157807447173497 -0.21020568569993603 0.4471075914175212 0.3282183061412456 0.0793178574220083 -0.03686514485311989 -0.45523554468394406 0.1988227783795498 0.2793678549729701 -0.44844213212626893 -0.05255646405029655 -0.18654508322310437 -0.1813714131359797 0.3076908426071809 
-0.4091550793377278 0.15356737851438043 -1.2730783270855217 -0.9402489233576811 -0.6123646797640177 -0.7919472567622853 1.1569165022094614 0.14621917318874764 -1.608681455049361 -0.6941578793896337 -1.0156856631530877 -0.08108098519400163 -0.7789286340810089 -1.0828977543628087 -0.7426475674117137 -0.7902942840693636 -0.3487381677184966 -0.3776096340698377 
0.5399967425760405 -0.022485801327322516 -0.11288635058710372 -0.24464009402951886 -0.6453072675669241 0.2771461709344145 -0.12968688401899256 0.3911178206095539 -0.11129147636271783 0.3872238712982278 -0.20674402595266134 0.0253456984328246 -0.04646531144757067 -0.13934217367350366 -0.541295244131383 -0.7569757001178408 -0.35303623415211394 0.06921456457474016 
-0.7648952152992262 -0.4907628016069267 0.08165228800277753 -0.4582596650060291 -0.6470597003206885 -0.620594686415238 0.5925682456943194 -0.39616414207042333 -0.23067643963916518 -0.5923885919810563 -0.5871757743872572 -0.4590408613494643 -0.7334777862485373 -0.8603799161437121 -0.7781580018352489 -0.8336598511230419 -0.7743010999064465 -0.39980282919127585 
0.16796541115890853 0.31147460534384513 -0.22868137466572092 -0.16091927985676044 -0.33379931871750484 -0.7890971470095505 -0.18165483387562045 -0.4112356643696755 -0.2242095642060224 0.34456851878753464 -0.951667085384561 -0.5928072623994073 -0.9840071401894738 -0.5118907587169481 -0.3030569466821784 -0.5249119818956957 -0.8591650439029968 -0.46386346300918135 
-0.422368619758162 -0.04743924448066692 -0.46681368434181514 -0.8603490940060257 -0.5220088063218366 -0.4566482434644271 0.6594584024526171 -0.6147285984946793 -0.6725584722612581 0.2650722243335206 -0.7336898741544098 -0.5012601396924362 -0.23031443230735119 -0.2765684305588196 -1.0150136114642208 -0.8230292624052922 -0.27315489238287716 -0.6041178476071452 
-0.5667390005668725 -0.4885202032218986 -0.6386013852617275 -0.21487861325985882 -0.0035639248181988437 -0.32641359491926636 0.8191135775809184 -0.19937240529676853 -0.9502337622539502 -0.6143432593342172 -0.7488762895212654 -0.5239713630752076 -0.4055116639804474 -0.13494842227122242 -0.9043174473667268 -0.6890035433262429 0.03415809167919667 -0.7269178795702473 
-0.6947369185086836 -0.46079098920205736 -0.7815961546551797 -0.7373086677805443 -0.5963165249963847 0.09409976620386085 0.32070425111967327 -0.17848536863222955 -0.8199094089449059 -0.6091246649117678 -0.2695205176972948 -0.47804364378235326 -0.27700637487183155 0.05450618345528896 -0.4634781672550645 -0.16572984335131186 -0.055545476356695093 -0.7571713931455121 
-0.5265940647794575 0.12478895351433009 -1.317674668523292 -0.4507954104895428 -0.22954808423916628 -0.4073408746429642 0.0916321417588441 -0.15178633357732685 -0.6058370120134444 -0.059040136029494206 -0.6722447342828789 -0.1608156961053155 -0.4143890856128219 -0.9396181173253493 -1.2048417111577425 -0.33385510335442314 -0.2552204728514631 -0.016327189850752537 
0.2819469782819981 -0.3198858783258651 -0.06141164723543183 -0.089625352486237 -0.18541603245843097 -0.4834613829266074 0.15871332268301655 0.27097776676818336 -0.18984456953406575 -0.006541139896246921 -0.6115780272643625 -0.4987344617187433 -0.7936721264208773 -0.0742182712391285 -0.5896280836633099 -0.5366357571640652 0.08129432444519748 -0.5635363377582893 
0.27101354074661854 -0.027476935826922136 -0.2369202612590469 -0.29724785265439185 0.06531369834214168 -0.51255054402252 0.12600699877717994 -0.37834165088918364 -0.09246519587930822 0.40668424582382995 -0.924582479757423 0.29165494238031875 -0.20263913388928287 -0.5713125009915845 -0.13223154262069833 -0.8316390629148003 -0.7492633237642252 -0.7875714456778725 
0.06828983934052904 -0.5417722535605988 -0.8964568136632454 -0.32325934402644024 -0.359852026827139 -0.5975782120371146 0.0389599115561037 -0.2096388433239503 -0.8092308126999274 -0.543539119020927 -0.18545927129791495 0.21030756784933163 -0.5073803092946424 0.02329096200362323 -0.20832155699950125 -0.4570040909325736 0.08252646193217182 0.03298500055299919 
0.43416862947785767 -0.6321400428733152 -0.4247163203729 -0.6921072920036486 -0.6538236950547036 -0.6661807367377464 0.4897770535687276 0.019754186897923402 -0.40237141203282617 -0.30845806468611037 -0.5561280426140288 0.33643984921737996 -0.10932771442510669 -0.49761311439533845 -0.13342955217257368 -0.6941485176665091 -0.6451323598135595 -0.7534749757025465 
0.5965909732096497 0.15356397180181236 -0.48065074852379225 0.1297223040534219 0.0690829683247658 0.17860878290055354 0.26530158153013655 0.23450196221213704 -0.35080816442249113 0.12296358487826164 -0.1638591481276188 0.23978553724569796 -0.2250468067270187 -0.542441865026536 -0.27965904339918635 0.03881976586480648 0.05608646883623004 -0.5528642063985232 
-0.2361491632036925 -0.41553023803682665 0.2920473222380404 0.17231295005235012 0.13932152203398943 -0.28250904830884344 0.0720389681975371 0.21817042832754105 -0.5372243950643013 0.338676943238632 0.1321660556911668 -0.35722816707601074 0.428692928104467 0.10907878181748015 -0.20708787173787443 -0.48541433038123444 -0.36767751979212004 0.38334959658972945 
0.24302270440136575 -0.050001760007351834 -0.7601662738308408 0.02873478270003386 -0.4223028742296567 -0.2328338589789892 0.25662532110664504 0.06611931490668413 -0.6373958881633215 -0.5649837482393811 -1.0423606736845412 -0.23197882254532448 -0.10620537604387824 -0.7352211523008101 -0.3410906528122038 -0.17075721288684698 -0.7464751652498984 -0.49008343861011894 
-0.09212335556727005 0.222669416718837 -0.3925025216895641 -0.41149983243588156 -0.6003304757842285 -0.07149745434406324 -0.3184603378785111 0.08629506746253783 -0.49723479449018754 0.2909260848056378 -0.3624452089437582 -0.282328881810477 -0.24692917999914743 -0.16391087347801236 -1.1023494144436776 -0.21505895495229155 -0.8383557097771303 -0.37388211065192734 
0.052252379748164816 -0.2548951641617252 0.004308848705385132 -0.010896346681911947 0.06341172915503011 -0.26077771319641724 0.05652869202818782 -0.34521512008249605 -0.3262469537811971 -0.16827088989990407 -0.07539621561924526 0.2502972245347296 -0.6333240843971948 -0.1518601492612462 -0.29362381930713927 0.1319251702958583 -0.2561000052239332 -0.4538202563614121 
0.023859904472999263 0.1653128469843276 -0.788896755639552 -0.888932475477247 0.16786073218979577 0.029962873217733176 0.3448460195677352 -0.3618322085502053 -0.3662680147348527 -0.49368280141486515 -0.47056149844792633 0.011476934673577858 -0.9110441875413194 -0.32710241619256075 -1.06406871900787 -0.13254286036177 -0.04792283091560717 -0.2727112598964711 
-0.6369401968984428 -0.3796091970594931 -0.5878478361044245 -0.6171750317727606 -0.7919836448068457 -0.27569873701450276 0.9455825140765196 -0.6303712110610507 -0.9326027279548139 -0.32542771983759317 -1.261655408841941 -0.5210821002592253 -1.1314378701817398 -0.5285127689102207 -0.6510362148221858 -0.8472978005452297 -0.38749232501433895 -0.49238849873539436 

 0 1103 0 1 
