37 36 

-1.2369074382613012 -2.253891573195328 -1.0284334109025215 -1.2764331844421655 -0.22346202927955683 -2.004929516231617 -1.007111187023282 -1.391996830036015 -2.0727816769434066 -1.3040342810164645 -0.0054687826321623305 -0.9389251783738027 -1.2280375975489604 -0.8430353106150946 -0.037209302054005966 -1.1314338392314411 -0.6292705360348723 -0.6574422713475501 -1.2171537357005235 -1.6648567683949635 -1.2351900076301867 -1.37816957447597 -1.441045246942334 -0.5858021091255458 -1.1902964193427987 -0.6357955677964799 -1.4826414922531606 -1.8305402557876016 -1.4223573797576636 -1.140597999410448 -0.918627910125213 -1.9009643583904734 -0.7280895628819804 -0.3727966234747456 -1.1207566516829173 -1.0110496356277117 
-0.654490755958592 -0.27432345833170396 -0.44821199585450694 -1.10840341794651 0.058557370637042 -0.912398420681503 -0.8336383468995072 -1.1696291373167431 -1.1244780701152948 -1.2999702920507137 -0.6340061580381722 -1.1079101356699583 -0.8336825184888014 -0.3256744798468173 -0.6630624467767732 -0.44912468622385493 -0.8040730367681924 -0.626083428440521 -0.45187998207603824 -1.0918434180112904 -0.804312498881146 -0.50046743092087 -0.5395882743720915 0.4047248839011006 -1.4091054626246438 -0.7639833905355395 -1.378736095947973 -0.7131018956627439 -0.04424788988932709 -0.8524468701413357 -0.8692106897971591 -0.8940023129798221 -0.604548823133109 -0.7017682553263456 -0.4915087750382473 -1.0819918736379808 
-0.25289419377502415 -1.3793078648532797 -1.231331730007882 -0.6628077653054287 0.09096287938243006 -0.8834923916102512 -1.004395058342271 -1.1239497108457301 -0.5218886721112657 -0.4203960306490247 -0.1762335435286624 -0.6136686864201632 -1.0287307582471896 -0.3867338082880785 0.6394902089231855 -0.6133560645297901 -0.4785780904517571 -0.7494732877103898 -0.44696678612866386 -0.7577688946208363 -1.3232926987480826 -0.5617557566551248 -1.0881066546229992 -0.3127233480673573 -0.8677105607696793 -0.7582992283793224 -1.1371957446275553 -1.1212277025653072 -0.27587558101564214 -1.2896262183560399 -0.8674849099615333 -1.2795558306629826 -0.22107488862265617 -0.18204573296963622 -1.5948921106463188 -0.12491699812153237 
-0.1641454947864514 -0.08082352354155029 -0.4336069313854946 0.026429882860513645 -1.1334027670157114 -0.5011123392808673 -0.7443185020513957 -0.5227386029489956 -0.3946068479566115 -0.815229576374001 0.6306263967331449 -0.15319992591289178 -0.2519792593244123 -0.46940686725899183 -2.2710814033673197 -0.470774370632659 -0.5152251710878177 -0.23364582372269138 -3.616789719115957 -0.2014437626055113 -0.2792893936033164 0.1616559149169015 -0.3435798372981899 -1.5071983793330526 -0.36382990658178066 -0.4012242000943565 -0.27397533893011494 -0.547811272708483 -0.5198437379283863 -0.27961887295743765 -0.8337968283329402 -0.3559554924029557 -1.0201622965517452 0.3332652109993455 -0.6161173240798838 -0.07628969435807834 
-0.6770743220283025 -1.5515493802211258 -0.5487466018949682 -0.7617992919206782 -0.4227675347015654 -1.3190544473559809 -1.2039664905891982 -1.5903049570545946 -1.0896983094935404 -1.2543873095783789 -2.231955850017953 -1.163612338249129 -1.0047226985952042 -1.3425459949240488 -0.31497432805707026 -0.95459571650131 -0.5217481839471713 -0.8049370357982232 -1.1456786208156653 -1.3237208646379595 -1.2777800367513525 -1.5151962611021312 -0.6492056790291598 -2.500858138154978 -1.1902162761054187 -0.9314853628081879 -1.9947421141748385 -1.616307135153453 -0.35435180301655805 -1.2509893176129945 -0.6079523023606627 -2.095067355180223 -4.1608819900984 0.914659340802103 -0.9051627036704854 -1.1852746413382451 
-0.9289105413994404 -1.4890765872561083 -0.3610143547863955 -0.6447008724430082 -1.0658144089882313 -0.9486774315128593 -0.799233898647674 -0.8164037260278417 -1.0457299011856958 -1.4113552405168246 -0.04728552540337053 -0.725897178338195 -0.4372373368489252 -0.9603724039364239 0.29091663683876445 -0.8909870484910976 -0.3704529805713421 -0.31481528738231424 -0.38751543647009623 -0.45890881279694234 -0.7647422115424623 -1.5398796638229895 -0.9081336667907848 -0.030722825022164814 -0.8159662736152301 -0.9811229262565296 -0.6244155964612538 -0.6720017565363126 -0.5884382264298473 -1.0987914883703054 -0.5275135314130321 -1.288619107240966 -0.38875756636186026 -0.41416489534659356 -1.3900202264044013 -0.8543923501952425 
-0.5243355246324692 -0.439139695712184 -0.4886518294069673 -0.08821553399571307 1.2682393590225332 0.07970929763848751 -0.36306375926427326 0.021142050839307886 -0.3587699552805016 0.012983520250014199 0.8946028866850482 -0.5751691984390629 -0.7057727775208239 0.141092639143977 0.5566367250882761 -0.28455268797784605 -0.15672564846595546 -0.07887801285176686 0.11511771965772104 -0.7054980532654145 -0.5958652122535944 -0.41187118771284376 -0.2373716381659904 0.5612876060248693 -0.34287879392950177 -0.15833513232863303 -0.7227229400537749 -0.7896665526620723 -0.3283472755665574 -0.5094669489610335 -0.1123803969259202 -0.8774294839624892 -3.2462121673969033 0.35861567233102504 -0.6100241659233433 0.15195752939370177 
-0.41169506070971473 -0.6880241445075732 -0.6770759605186585 -0.3519183705829248 0.2876608700565863 -1.171377528120283 -1.031662188138317 -0.5430160027695052 -0.639377402875597 -1.0046825445257133 0.6306031176537147 -0.36469355086790395 -0.6946455580445246 -0.5408206689272405 0.5017395526340913 -0.8621615986133637 -0.2905117455160881 -0.9970325922830049 0.838097184720143 -0.666682512362866 -0.4250543957275719 -1.304295694782219 0.16281156804086735 -1.5504363509687658 -0.8928884651145324 -0.18666311446972642 -1.0110442023913715 -1.178439762282035 -0.606068678412556 -0.8029348096273796 -0.9339723971208889 -1.05499333811115 0.9452467576627058 0.8158573243741731 -0.6052181531815157 -0.5582600468846273 
-1.184866918914144 -1.4249709322971473 -0.6841431916752101 -0.9377737725474366 -0.3690761405304241 -1.1075271273876985 -0.4555155948003924 -1.1537252607251158 -1.2087177929977109 -0.9707087299002326 0.01571449211011527 -0.7907876853194807 -0.3444967959541044 -0.3722582186774201 -0.5258566069084965 -1.0977429509618741 -0.18190851315551929 -0.5550621373828037 -0.6645492708258414 -0.8409270296584617 -0.631688440456075 -1.268399746028833 -1.2471676896410608 0.6770792885822982 -1.5401217886363452 -1.2021685110254325 -0.9900182431904323 -0.5323311588285724 -1.0833501162397445 -1.5388054260670794 -0.5533452900658816 -1.7128401327656728 -0.25209685109834273 -0.2638496500199397 -1.2117073578070656 -0.4164433892057647 
-1.0120479176182642 -1.8761472215278818 -1.2578127872366494 -1.0903382211818897 1.1536086290269603 -1.4821816707664996 -1.435390382450947 -1.3499586873149467 -1.5277589199531725 -1.5585478145363858 -4.066143952229858 -1.0712051952961184 -1.5228957295140342 -0.9999059055369799 0.5245140408060783 -1.3006865590166459 -1.0582889477429753 -1.3976190754131799 -0.6426067622497399 -1.320405342709035 -1.4697661613481974 -1.3205513617622275 -1.0448877342013607 -0.40413784032708716 -2.0849864304103636 -0.8191243941364231 -1.2824389206211613 -1.3912689314309927 -1.236868380837693 -1.3435387775408143 -0.613615734384647 -1.5383738593735383 0.36128005163329535 0.2454864976384273 -1.8906218778470159 -0.5744888247549395 
-0.2659582665897892 -0.2876920761995454 -0.09678734222086352 -0.7748590398925216 -2.676303138672228 -0.5884369046550314 -0.9020649539852695 -1.0005726798798864 -0.5115460682457087 -0.66709344726788 -1.0297709980408392 -0.7159388689163969 -0.6911612604293717 -0.20750128765877945 0.06959424042507731 -0.19155635719018302 -2.3800402528543017 -0.18944661379202057 -4.89318567678981 -0.9545905218381754 -0.23735526620588582 -1.1095164542661409 -1.4131124995138786 -0.9091297098887282 -0.2076355712536197 -0.629999751756187 -1.0802306907385315 -0.13185802538181166 -1.0943726443134507 -0.8038665496352911 -0.361705183060869 -0.18880428981262978 2.853095014616567 3.745992795845377 -0.6819138057720675 -0.10368173667170433 
0.0007342390082936202 -0.9291038498687233 -0.2668928177442519 -0.38372101466999897 4.028981794728763 -0.5279220702385288 -0.5520535316232627 -0.6740123826352528 -0.4018725116603181 -0.11131712493151574 0.7672647394741391 -0.4782217924392214 -0.7267938247618587 -0.7940821880112271 0.8465596725080986 -0.3780928881373188 0.4460738262059229 -0.5181255208693424 -1.2914239909865306 -0.280180080633467 0.02268627559692782 -0.15317426470792037 -1.8651609355076593 -1.6757931974785323 -0.9646658460908458 -0.04628958390632814 -0.20531369707036196 -0.7803902421771795 -0.8412371734154999 -0.6937618942901177 -0.7627491238335959 -1.7893080683701381 0.17288651016873896 -0.2084650647776153 -0.5470762085358424 -0.5539613976179152 
0.3333305991100819 -0.22382606858131712 -0.40212757430725105 -0.4759476041349183 -0.3805247840582255 0.007157249519119685 -0.09657211661002754 0.22098861068002756 -0.057607149497728376 -0.34663286222932965 -0.388843069920442 -0.626446500066914 -0.43620712360012803 0.1732406981220397 0.29162536463262606 -0.2653204911419054 -0.2049225635162206 0.23057658744087936 0.23509993122270179 -0.4298898273867711 0.12159934082875519 -0.22209210428657353 -0.11742242215857406 0.03165943324335296 -0.3431782073237399 -0.16262649737471166 0.0873901926562714 -0.47080470297472904 -0.13552784106886243 -0.4464304781554594 -0.5772742559169518 0.40884945170387377 -0.02397460144058996 -0.11210954560103611 -0.2266475606843559 -0.3752968489184419 
-0.3177550962489825 -1.0070012055430786 -1.3548649497797174 -0.8550306053321635 0.5193353930001161 -1.2535741642176899 -0.40402619633113457 -0.8818595725215735 -0.5931588303001094 -0.8024629387527871 0.18563437572071267 -1.0132862248014254 -0.5012137194973768 -0.657225260414485 -0.1643882218847967 -0.25116420310670456 -0.5158648242500259 -0.22157074175035646 -5.356732674720512 -0.8541159842761926 -0.49985794959396673 -0.36897514705980744 -0.9600639999455117 1.0104230461923658 -0.6203511573002873 -0.5860397304518662 -1.172880985374161 -1.018867344232769 -1.0502372502627235 -0.8311271853401349 -0.8304720190938573 -0.9676058968675015 0.16511780663320924 0.14308332242779823 -0.9829360879626459 -0.9151034851114103 
-0.761345646657173 -0.1985076805907711 -0.23026002566541523 0.058723770578710456 1.5906233457878398 -0.2588077350871222 -0.7919813607797376 -0.41270691618565475 -0.3574937422299437 -0.5969949267985595 1.0150474821650142 -0.2717145932478549 -0.36844847870137 -0.12766010507630415 -2.821695115892227 -0.3785061774875468 -0.7568869383986169 -0.5679302774668775 3.0576901779770447 -0.6239414901159128 -0.8614101849764057 -0.15400980243708967 0.22133277801440374 -0.9800595363410282 -0.13076589807999797 -0.34389595079687857 -0.07021658006944762 -0.8595130452864975 0.44771404872155723 -1.073453271773776 -0.269214723260011 -0.14531806217645307 -2.0727001787111203 1.4144963432275262 0.10063944895070306 -0.6790637298397192 
-0.4579462542082108 -0.5718480297969617 -0.47729296982552666 -0.30892162889110275 -3.6324107329512167 -0.9757561008714247 -0.30346274620996505 -1.1430816573166145 -0.7354918908108759 -1.3021262496040762 -2.990439962587419 -0.9824647012707827 -0.3887501650804623 -0.42601122284953513 2.7336749233813653 -0.6545706549864682 0.2827920894392518 -0.4871806719628583 0.7152676521787336 -0.5975935383079658 -0.43430526871547964 -0.7488244337989196 -0.905752379527287 2.630362489798668 -0.6308372774035782 -0.996301606090919 -1.3471084662859947 -0.4793816225584158 -0.49589442556262187 -0.9883680545754497 -0.9463382513730171 -0.9685674531046343 -3.738476410306457 -4.177209099098102 -0.5275952631363288 -0.9877494193715666 
0.10960488958098553 -0.393577672656449 0.3218312166052263 -0.48614496093283843 0.4010892352061489 -0.5624150521303816 0.4271933487690479 -0.17314157940879008 -0.08121475463540669 0.034171262627398884 0.0965815299259383 -0.4849410431300465 -0.5225952187804706 -0.4298090496572262 -0.4627372303407661 -0.22767281235008324 -0.3742874412845441 -0.19201029319910007 -0.4332697975330998 0.3894552604617395 0.3908960644077273 0.40334425040134164 0.3043180012204639 0.07460076093048645 -0.32843964197796294 -0.07230792470688033 0.40488626349312207 -0.5361147987345544 -0.3963354072066666 0.2134238496873225 -0.450697147576105 0.385688235025453 -0.040113527468991696 0.2984536656656746 0.07941423282462101 -0.0051012425864165895 
-0.5447042399331551 -0.9900313564852047 -0.9183670067432806 0.07463481535488009 -2.4486679921919388 -0.6387752515530026 -0.14616909297193512 0.08406917538803956 -0.44175573535709406 0.13999157426515318 2.437306214004891 -0.29493603935497764 -0.47504694249321217 0.31032503428671054 1.0969916048547543 -0.22588869479394516 0.1450360013828773 0.06596734898666448 -1.7017591651267692 -0.24089702566587534 -0.06518532302920352 -0.817869620066311 -0.07850196646156929 -2.0730731194988383 0.09759685467004818 0.3323756759243257 -0.564597750949803 -1.0579965640239117 -1.721846526670587 -0.2818370729804302 0.08006306629921421 -0.3868541412989217 2.8553271728494933 -2.276355350744246 -0.7458048063434901 -0.1740481027990415 
-0.3168224864617892 -0.36113979559147896 -0.16416524503734983 0.28299600814762915 -0.15518928798145845 -0.26559585551710874 0.1949802150988631 -0.19101095917620464 -0.42722732669922325 -0.6223757415412791 0.15138434175489274 0.3149523956649689 -0.23013355445755193 0.3660734716851944 0.3668787094770918 -0.20670086237578833 0.20484990222340846 0.3684383272139016 1.59506596539103 0.3759646128338827 -0.37146050808084174 -0.8006069899908528 -0.15870799016569706 -1.1869965366556405 -0.3330310330885571 0.1461461850725586 0.12344341421634328 -0.24760921665401645 0.01826732646586408 -0.45880394886415743 -0.22159743824660982 0.03333651876924713 -0.7019145711883825 0.29534851815790836 -0.3911648576129284 -0.3935931978275465 
-1.1839147557791974 -1.5618254016406286 -0.3278264483316764 -0.9732700806554901 -0.30366609584415766 -1.353142139711483 -1.5012068791213413 -0.9606244949235167 -1.2690634093479893 -1.0332565185478366 -0.34649964149962914 -1.664840194608792 -1.4393236652889205 -0.4435148547012892 0.489929223721376 -0.5740654080564525 -0.6818094590182622 -1.0722735904884493 -1.2213620190923604 -1.1098977262727123 -1.8033643530458894 -1.7248201124103688 -0.15104357106391342 -1.6335422797213062 -1.2205371948414934 -0.6660179009934835 -1.3604616302003911 -1.7887990880429407 -1.7830361362858127 -1.5446682343521339 -1.204167101252478 -0.599106104259981 1.4457296628974021 -5.207422129553275 -0.5790330579569299 -1.238037524808651 
-1.099238552730671 -1.4985438606177015 -1.1462641137910157 -0.9817543308927974 -0.32112356507243695 -1.642804607519291 -1.6063000844850437 -1.139268760347403 -1.169480922325712 -2.111519130291645 -0.16777011455950544 -0.824905207926465 -1.816926716021509 -0.9447732006965264 -0.5459929837695902 -0.8847388118940501 -1.1956613988250222 -1.1641931354812753 -1.8315737243013916 -1.358747050193133 -1.868327104969534 -1.293889222138851 -0.7893826147797445 0.43818708489364655 -1.9269657454886095 -1.1330337215059978 -2.0291098351537076 -2.1983820173901503 -1.4472207403301083 -1.244034885968014 -1.344906415393144 -1.1170147921233426 -0.9988997260987562 -0.4735125806028724 -1.2696472565575687 -0.9874256840975632 
-1.3146902422730096 -1.8552689584615734 -0.9429209874195336 -0.13051142706835472 0.2162472918692059 -1.0655493158144584 -1.0439385979094518 -1.2577728986412213 -1.5193897801616243 -0.9786138473847935 1.253741323290001 -0.848118481238618 -1.12612069146739 -0.33088858617431943 0.5121743507398958 -0.3801719588111028 -0.2545159035037756 -1.2784426766634134 0.8001174418811955 -1.2029407871922984 -0.5328381770532225 -1.3274360308609545 -2.874527365510698 -1.8826740972972758 -0.598120308297727 -0.48026038588729064 -0.7848033689109681 -1.42989109135582 -0.4626279352389832 -0.6562934422001728 -1.0091227117395274 -0.27884089080172697 0.9405897265788494 -4.43067766321574 -3.4029071570263314 -0.8938755177640825 
-0.10752974815800108 -0.8428043103957457 -1.0838625391378274 -0.21638571219784583 -0.30979050800940294 -0.3641080948193161 -0.6771416950003685 -0.44512389952313824 -0.7658637270386013 -0.5151614664989356 0.5340780401479095 -0.39379800568277984 -0.58704220458477 -0.4345395820043562 0.6236627910808767 -0.8413624387319716 -0.7707038933078374 -0.9372771740438264 0.1965644543497959 -0.5365700749068681 -0.7036485472317823 -1.3780635051928325 -0.41115784481066264 -2.716166370888296 -0.6882349717399838 -0.9687387605786477 -0.6843930265238255 -1.0443782190459407 -0.986982728605143 -0.21621209311764966 -0.6407748694126305 -0.8918262876272064 0.5219909469914005 0.9105780587275305 -1.157995310553846 -0.714693194321398 
0.28456637611990765 -0.8245295358627135 -0.5178510013372543 -0.5375614540215027 -0.7655490416497491 -0.5402338012411664 0.039168034173279624 -0.4835119582540976 -0.11212272029144069 -0.07465982020911369 -1.1676815996232677 -0.10680146270577368 -0.5909997545424495 -0.5981503921531013 0.32883512653381897 -0.47304742900641905 0.046554430977086135 -0.2764724507961938 -0.7983446485568344 -0.3629973043460473 -0.3471846791397393 -0.6679736142052656 0.27743952534644156 -0.9702662087708929 0.10608171273131996 -0.36119369047154254 -0.1293742577963833 -0.47729746210749985 0.8995088918327252 -0.5341712422923917 -0.19614810834832444 -0.6594207461336273 1.4754075033106286 1.6187609717235925 -0.7924237292867088 -0.09584930151127359 
-0.33441285755299055 -1.3394849496413768 -0.6974243791673594 0.048960151780919475 -0.5443243109728423 -0.917559215143781 -0.6197063126413489 -0.24998819030163508 -0.4420608285927041 -0.15936929494018193 -0.660866130270908 -0.47799837331629863 -0.03227608890229601 -0.3507727211199474 1.7144990763109815 -0.24781679242434224 -3.5180955692391946 0.1441807720364402 1.2813686155028239 -0.3584024158642342 -0.6394566973362835 -0.8352343911802849 1.1971100668998493 -2.4163806328964323 0.0033575892582658547 -0.30319805416676443 -0.6093798627426585 -0.3535315574504806 -0.11164417086852073 -0.6593767269009346 -0.16525184446589003 -0.5045045081359528 -2.8953267769004714 1.8609274795124209 -0.4643077743076609 -0.039300725800052394 
-0.7753607509354198 -0.642170940206237 -0.4333314583826763 -0.33064566797621747 -4.5739461623473865 -0.9884691333279705 -0.7704925030442378 -1.3714897335174419 -1.3194635610300534 -1.140732065640349 -0.9578385718831348 -0.5645629409604671 -0.6794258900194374 -1.2762116609983107 -1.1095289423163384 -0.7586819540168621 -1.0942599612897634 -1.146074096053593 1.0353367081947364 -0.8057745643891839 -0.6032101436121049 -1.2798115062443698 -0.910359422758337 2.139642393194858 -0.8903165812410719 -0.7684244333799841 -0.5648695884912535 -0.7624510964606996 -0.5571361973831467 -0.7910756030061334 -0.35683532436609255 -1.0423022144418497 0.38205186107991707 -0.5684947332721864 -1.013481339667819 -0.8978821322740053 
-0.5710758633586053 -1.5189257188123804 -0.6155026782948841 -1.0967479599413261 -0.09412704032982437 -1.376335087294833 -1.157412259935464 -1.3595419182426254 -1.373252458269245 -1.2513167397988472 -0.338309128489403 -1.1037858208324454 -0.7531744515002422 -0.5066420299669173 0.19209704630206 -1.0179950922628445 -0.7228586247448745 -0.2608434938747298 -0.21237884686728523 -0.8150869058655845 -0.9278226699727219 -0.9715742223194326 -1.0421092685991562 0.24131093538113216 -1.3495034552162677 -0.12986585943478854 -1.1026016013333884 -0.9589913260414449 -0.6592265977717665 -1.3910232935068152 -0.4041651876943488 -1.1597191424612063 -0.5660565406664075 -0.5490269126298802 -1.2061515648911574 -0.4896989891554294 
-0.9806096476936937 -0.7422925109407671 -1.211981308273781 -0.5472058628955009 0.14865869091036493 -0.7653810672937113 -0.8691855378313619 -0.48917434271113497 -0.5582971462589669 -0.4209393351446818 -0.3626464944223459 -0.5594702892926826 -0.8704394803778753 -0.9200958590854648 -11.779068785885553 -0.7188550844705115 -0.9055949155455909 -0.7699395132114698 -0.12403700762474737 -1.1423030358117165 -1.0747846485686174 -0.5884584883490293 -0.3162614726956718 1.3192481952859834 -0.6864699330615738 -1.0559313742317078 -0.7230747476916473 -0.7497779731027309 -0.46276393794526904 -1.06015807627068 -0.448862554115073 -1.161781592882891 -0.5991333574307218 -0.47875410174985517 -0.8338369545686888 -0.4914762978250308 
-0.10364481486185942 -0.7433562829448841 -0.19923040537308273 -0.40042527198698286 -0.07045320736278089 -0.5464171191819979 -0.3391628366204135 -0.41174161866919856 -0.5146594867205625 -0.08681623095497844 -0.517580426320096 0.09361785445727476 -0.031048693256093978 -0.2543861866877257 0.6919305093244255 0.35225489610307836 0.15429376075041806 -0.5889148297028689 -0.788934505583505 0.06013604804482121 -0.5246954737066828 -0.22605085954204315 -0.19364424753032752 -0.23569612165171333 -0.4826893320003904 0.14187592589863532 -0.4814911957201455 -0.7995922187302488 -0.2887823604465741 0.04275326473095677 0.22461315505486865 -0.2888595870941166 0.16389420394932436 -0.0030764406663868027 0.01551004608121775 -0.36048922656977356 
0.29421183408824203 0.1758370043884976 0.37966943215746574 -0.29781391154777875 0.5462095719279926 -0.5363062704649835 -0.5452510305273902 -0.14982859045437608 0.2594393302645535 0.18037067719042818 -1.0194400867758981 0.0977721025118818 0.04821072521453466 -0.40512550235243794 -0.6786685820725117 -0.5892226261409123 -0.4973292833706209 0.028445501934944887 0.16388504678074797 0.1759357636748917 0.13081080888385604 -0.2849148598008108 -0.769846539479772 1.6232494467690641 -0.06385798360212797 0.15775021137187728 -0.5386868612000916 0.056016662239583376 -0.07594321669521731 -0.3291334825757143 -0.5047641644775427 -0.3833390179615932 2.215401191093907 -0.15092972862597193 0.009263935493834894 -0.46478263772677714 
-1.4821824875853928 -0.7837530990144136 -0.6274039687338869 -0.8331112239975379 0.04032332465342516 -1.4884339992705153 -1.2444000978194598 -1.643358404950602 -1.6158602504389021 -1.7101974814393657 0.5292075958773523 -1.5345769155571551 -1.1987153626594809 -0.8606978878530049 -0.7493114319341419 -0.957756722620921 -0.443307783664547 -1.0773313462384337 -0.5173697201445148 -1.2716471099197624 -1.3150173887052352 -0.9727521219530144 -0.7811463391918742 0.2416021056718533 -1.010064821195794 -0.8495227446701804 -0.7834657024104106 -1.2741182872261472 -0.6701402668876199 -1.0117650124449225 -0.5892238167810512 -1.533984055134442 -0.823397663892532 -0.3559567663669834 -1.350980117319013 -1.2482926761797142 
-0.5000215747437621 -1.1370416441310727 -0.28801184105841565 -0.016718136940642128 1.1482534165638039 -0.5957504656025123 -0.6621921947065863 -0.13628718105753293 -0.3588587837345824 -0.9104611673236523 1.2199896469485196 -0.7323699197921387 -0.9133346429158948 -0.5568336302146363 1.1676899365908897 -0.42432736990976494 -0.1417553283787588 -0.5076183664851661 -3.775884530365015 -0.9216642288152087 -0.30254464946530474 -0.48551796650129614 -2.0822573398886797 -2.3984968608169908 -0.8470920942493994 -0.5621169253506798 -0.9164383253867138 -0.8885242039784176 -0.5710148655243772 -0.5825695860366406 -0.21129420608704277 -1.0847658173662187 -3.6166538390427676 1.1337027596750988 -1.3369233760984176 -0.4752549750016954 
-1.3558290881537598 -0.3655979761550674 -0.44812008582530466 -0.32182789990753613 2.8553495221561196 -0.8653012145291198 -1.4095073176673616 -1.328865503494441 -1.3922714695718434 -1.1545437565013217 -3.4145944869550044 -1.251510938831212 -0.955580184042814 -1.1184398349359785 -0.18223679283073954 -0.41992573684368767 -0.21580696599439228 -0.9966908414360007 1.076346963258769 -1.3459418252069633 -1.0688258520083227 -0.7280887133465848 -0.10859961315526656 -1.3926222443898197 -1.125404770631353 -1.412896765438185 -1.1014340630115842 -0.9917358170255695 -0.15986629214958029 -1.0118835232502819 -0.7241779160272952 -0.7409695851765489 2.3090931505435996 -3.991964284301328 -3.146116569924013 -0.4717350739699053 
-0.39420332274982617 -0.13925630543671677 -0.2474190884289316 0.25188740437001966 2.100399210514829 -0.5962706700824833 -0.18227940560448075 -0.2533106530205344 0.09828941783466896 -0.1616098893137435 -4.2923023213769245 -0.3525912259521534 -0.03464919069701189 0.4735852847510898 1.73854092885992 0.4452516824946703 -0.3086437922178703 0.0208561632161923 0.9188931431497196 0.13859284008946915 -0.05367216626278119 -0.1755512605042674 0.14263031421367897 1.174456829663545 -0.0030134233154693424 -0.4616837358482818 -0.23969209864269447 -0.5419287424048044 -0.01884963447824744 0.3046235712366774 -0.28365263030661414 -1.6200038256947058 0.7223949282261754 1.0633358733307485 -0.7642074435931526 -0.32687775306584543 
-0.949780087797687 0.2013833171254451 -0.48336282873831415 -0.5959162030286612 -2.5274532364329634 -0.935401252156415 -0.8258382058586742 -0.23053509150616533 -0.4394375280438136 -0.5592296451305733 2.3681452674368773 -0.4391242906190238 -0.6788268705074243 -0.30341294881293984 -0.4915508982264862 -0.5576272323146625 -0.4068540260461217 -0.83434799726162 -0.44151976679300575 -1.0220812396289243 -0.14407724343615066 -0.7790551081539859 -0.8080375930895003 0.15538681680026462 -0.8788130369600488 -0.34983330260528145 -0.2285477389693372 -0.47728533643090726 0.19493699041784332 -0.12444263850214311 -0.927499288139626 -1.1120724936534698 -0.15496105139911473 -0.4424236326443715 -0.5178015375595301 -0.3016991586445374 
-0.46645302329267624 0.12074407115890079 0.21035044861284957 0.2175950771951078 -0.5441784086297398 -0.5819737495824294 -0.5595590739646653 -0.45590042335326614 0.24708247612351258 -0.3859851690298062 -0.21531803980280917 -0.10173850109810331 0.1484010452640929 0.2562757262634656 -0.5851558950476234 0.04711816153766569 -0.013235282061463554 0.33091504279357925 5.140256741941299 -0.630702270981729 0.25223062164119986 -0.523696627975191 -0.3768995975128935 -0.26116924558781274 0.2600848362617153 0.002359639677242321 -0.5239108785847197 -0.10654253314921154 -0.521870523787785 -0.13249201393210125 0.058093050203255156 -0.07088118657264286 -0.4180503697935373 -0.08681262491704199 0.26092442132094473 -0.25435806982247094 
-1.2919904547687764 -1.910772329783925 -1.0828686917042343 -1.066972372894722 -0.48375589420963666 -1.6286837968287247 -0.7809724506887686 -1.2791846465489114 -0.9174569941952948 -1.4122896553014646 -0.057194126975907734 -0.7755284153794787 -0.9155216205123825 -1.1175708769707708 0.2309488179774624 -0.38958126865252735 -0.8749082320228061 -1.1575999614348145 -0.23363031695194766 -1.075896362943277 -1.561443452233476 -1.7967434854863398 -0.716901879228536 0.3785191763464937 -1.5262093258817435 -0.5676705692837876 -1.5720971080388058 -1.0225371186230856 -0.8160727510885278 -1.0189123798284807 -0.7846311085391686 -0.7734587732251609 -0.6230995630970464 -0.45741448587028977 -1.0078122436208299 -0.8054344085315229 

 0 1 0 1 
